              Номер итерации =  400
           Потрачено времени =  0.0150
                          χ² =  0.0017
                           Q =  0.1724
         Q - Q теоретическая =  0.1680

Вероятность появления разностортных пар
Пар  В итерации Теоретическая  Разница  
  0   0.2335      0.2485     -0.01505  
  1   0.3541      0.3371      0.01698  
  2   0.1907      0.2096     -0.01893  
  3   0.1051      0.07898     0.02608  
  4   0.01167     0.02009    -0.008415 
  5   0.0         0.003633   -0.003633 
  6   0.0         0.0004816  -0.0004816
  7   0.0         7.86e-05   -7.86e-05 
  8   0.0         0.0003177  -0.0003177
  9   0.0         0.002236   -0.002236 
 10   0.01946     0.01109     0.008363 
 11   0.03113     0.03486    -0.003732 
 12   0.05058     0.05303    -0.002442 


Атомы суперячейки после внедрения

   id  count name position
    0     1  Cl     0.0              0.0              2.845       
    1     2  Cl     2.835            2.84             2.845       
    2     3  Cl     2.835            0.0              0.0         
    3     4  Cl     0.0              2.84             0.0         
    8     5  Cl     0.0              0.0              8.535       
    9     6  Cl     2.835            2.84             8.535       
   10     7  Cl     2.835            0.0              5.69        
   11     8  Cl     0.0              2.84             5.69        
   16     9  Cl     0.0              0.0             14.225       
   17    10  Cl     2.835            2.84            14.225       
   18    11  Cl     2.835            0.0             11.38        
   19    12  Cl     0.0              2.84            11.38        
   24    13  Cl     0.0              0.0             19.915       
   25    14  Cl     2.835            2.84            19.915       
   26    15  Cl     2.835            0.0             17.07        
   27    16  Cl     0.0              2.84            17.07        
   32    17  Cl     0.0              5.68             2.845       
   33    18  Cl     2.835            8.52             2.845       
   34    19  Cl     2.835            5.68             0.0         
   35    20  Cl     0.0              8.52             0.0         
   40    21  Cl     0.0              5.68             8.535       
   41    22  Cl     2.835            8.52             8.535       
   42    23  Cl     2.835            5.68             5.69        
   43    24  Cl     0.0              8.52             5.69        
   48    25  Cl     0.0              5.68            14.225       
   49    26  Cl     2.835            8.52            14.225       
   50    27  Cl     2.835            5.68            11.38        
   51    28  Cl     0.0              8.52            11.38        
   56    29  Cl     0.0              5.68            19.915       
   57    30  Cl     2.835            8.52            19.915       
   58    31  Cl     2.835            5.68            17.07        
   59    32  Cl     0.0              8.52            17.07        
   64    33  Cl     0.0             11.36             2.845       
   65    34  Cl     2.835           14.2              2.845       
   66    35  Cl     2.835           11.36             0.0         
   67    36  Cl     0.0             14.2              0.0         
   72    37  Cl     0.0             11.36             8.535       
   73    38  Cl     2.835           14.2              8.535       
   74    39  Cl     2.835           11.36             5.69        
   75    40  Cl     0.0             14.2              5.69        
   80    41  Cl     0.0             11.36            14.225       
   81    42  Cl     2.835           14.2             14.225       
   82    43  Cl     2.835           11.36            11.38        
   83    44  Cl     0.0             14.2             11.38        
   88    45  Cl     0.0             11.36            19.915       
   89    46  Cl     2.835           14.2             19.915       
   90    47  Cl     2.835           11.36            17.07        
   91    48  Cl     0.0             14.2             17.07        
   96    49  Cl     0.0             17.04             2.845       
   97    50  Cl     2.835           19.88             2.845       
   98    51  Cl     2.835           17.04             0.0         
   99    52  Cl     0.0             19.88             0.0         
  104    53  Cl     0.0             17.04             8.535       
  105    54  Cl     2.835           19.88             8.535       
  106    55  Cl     2.835           17.04             5.69        
  107    56  Cl     0.0             19.88             5.69        
  112    57  Cl     0.0             17.04            14.225       
  113    58  Cl     2.835           19.88            14.225       
  114    59  Cl     2.835           17.04            11.38        
  115    60  Cl     0.0             19.88            11.38        
  120    61  Cl     0.0             17.04            19.915       
  121    62  Cl     2.835           19.88            19.915       
  122    63  Cl     2.835           17.04            17.07        
  123    64  Cl     0.0             19.88            17.07        
  128    65  Cl     5.67             0.0              2.845       
  129    66  Cl     8.505            2.84             2.845       
  130    67  Cl     8.505            0.0              0.0         
  131    68  Cl     5.67             2.84             0.0         
  136    69  Cl     5.67             0.0              8.535       
  137    70  Cl     8.505            2.84             8.535       
  138    71  Cl     8.505            0.0              5.69        
  139    72  Cl     5.67             2.84             5.69        
  144    73  Cl     5.67             0.0             14.225       
  145    74  Cl     8.505            2.84            14.225       
  146    75  Cl     8.505            0.0             11.38        
  147    76  Cl     5.67             2.84            11.38        
  152    77  Cl     5.67             0.0             19.915       
  153    78  Cl     8.505            2.84            19.915       
  154    79  Cl     8.505            0.0             17.07        
  155    80  Cl     5.67             2.84            17.07        
  160    81  Cl     5.67             5.68             2.845       
  161    82  Cl     8.505            8.52             2.845       
  162    83  Cl     8.505            5.68             0.0         
  163    84  Cl     5.67             8.52             0.0         
  168    85  Cl     5.67             5.68             8.535       
  169    86  Cl     8.505            8.52             8.535       
  170    87  Cl     8.505            5.68             5.69        
  171    88  Cl     5.67             8.52             5.69        
  176    89  Cl     5.67             5.68            14.225       
  177    90  Cl     8.505            8.52            14.225       
  178    91  Cl     8.505            5.68            11.38        
  179    92  Cl     5.67             8.52            11.38        
  184    93  Cl     5.67             5.68            19.915       
  185    94  Cl     8.505            8.52            19.915       
  186    95  Cl     8.505            5.68            17.07        
  187    96  Cl     5.67             8.52            17.07        
  192    97  Cl     5.67            11.36             2.845       
  193    98  Cl     8.505           14.2              2.845       
  194    99  Cl     8.505           11.36             0.0         
  195   100  Cl     5.67            14.2              0.0         
  200   101  Cl     5.67            11.36             8.535       
  201   102  Cl     8.505           14.2              8.535       
  202   103  Cl     8.505           11.36             5.69        
  203   104  Cl     5.67            14.2              5.69        
  208   105  Cl     5.67            11.36            14.225       
  209   106  Cl     8.505           14.2             14.225       
  210   107  Cl     8.505           11.36            11.38        
  211   108  Cl     5.67            14.2             11.38        
  216   109  Cl     5.67            11.36            19.915       
  217   110  Cl     8.505           14.2             19.915       
  218   111  Cl     8.505           11.36            17.07        
  219   112  Cl     5.67            14.2             17.07        
  224   113  Cl     5.67            17.04             2.845       
  225   114  Cl     8.505           19.88             2.845       
  226   115  Cl     8.505           17.04             0.0         
  227   116  Cl     5.67            19.88             0.0         
  232   117  Cl     5.67            17.04             8.535       
  233   118  Cl     8.505           19.88             8.535       
  234   119  Cl     8.505           17.04             5.69        
  235   120  Cl     5.67            19.88             5.69        
  240   121  Cl     5.67            17.04            14.225       
  241   122  Cl     8.505           19.88            14.225       
  242   123  Cl     8.505           17.04            11.38        
  243   124  Cl     5.67            19.88            11.38        
  248   125  Cl     5.67            17.04            19.915       
  249   126  Cl     8.505           19.88            19.915       
  250   127  Cl     8.505           17.04            17.07        
  251   128  Cl     5.67            19.88            17.07        
  256   129  Cl    11.34             0.0              2.845       
  257   130  Cl    14.175            2.84             2.845       
  258   131  Cl    14.175            0.0              0.0         
  259   132  Cl    11.34             2.84             0.0         
  264   133  Cl    11.34             0.0              8.535       
  265   134  Cl    14.175            2.84             8.535       
  266   135  Cl    14.175            0.0              5.69        
  267   136  Cl    11.34             2.84             5.69        
  272   137  Cl    11.34             0.0             14.225       
  273   138  Cl    14.175            2.84            14.225       
  274   139  Cl    14.175            0.0             11.38        
  275   140  Cl    11.34             2.84            11.38        
  280   141  Cl    11.34             0.0             19.915       
  281   142  Cl    14.175            2.84            19.915       
  282   143  Cl    14.175            0.0             17.07        
  283   144  Cl    11.34             2.84            17.07        
  288   145  Cl    11.34             5.68             2.845       
  289   146  Cl    14.175            8.52             2.845       
  290   147  Cl    14.175            5.68             0.0         
  291   148  Cl    11.34             8.52             0.0         
  296   149  Cl    11.34             5.68             8.535       
  297   150  Cl    14.175            8.52             8.535       
  298   151  Cl    14.175            5.68             5.69        
  299   152  Cl    11.34             8.52             5.69        
  304   153  Cl    11.34             5.68            14.225       
  305   154  Cl    14.175            8.52            14.225       
  306   155  Cl    14.175            5.68            11.38        
  307   156  Cl    11.34             8.52            11.38        
  312   157  Cl    11.34             5.68            19.915       
  313   158  Cl    14.175            8.52            19.915       
  314   159  Cl    14.175            5.68            17.07        
  315   160  Cl    11.34             8.52            17.07        
  320   161  Cl    11.34            11.36             2.845       
  321   162  Cl    14.175           14.2              2.845       
  322   163  Cl    14.175           11.36             0.0         
  323   164  Cl    11.34            14.2              0.0         
  328   165  Cl    11.34            11.36             8.535       
  329   166  Cl    14.175           14.2              8.535       
  330   167  Cl    14.175           11.36             5.69        
  331   168  Cl    11.34            14.2              5.69        
  336   169  Cl    11.34            11.36            14.225       
  337   170  Cl    14.175           14.2             14.225       
  338   171  Cl    14.175           11.36            11.38        
  339   172  Cl    11.34            14.2             11.38        
  344   173  Cl    11.34            11.36            19.915       
  345   174  Cl    14.175           14.2             19.915       
  346   175  Cl    14.175           11.36            17.07        
  347   176  Cl    11.34            14.2             17.07        
  352   177  Cl    11.34            17.04             2.845       
  353   178  Cl    14.175           19.88             2.845       
  354   179  Cl    14.175           17.04             0.0         
  355   180  Cl    11.34            19.88             0.0         
  360   181  Cl    11.34            17.04             8.535       
  361   182  Cl    14.175           19.88             8.535       
  362   183  Cl    14.175           17.04             5.69        
  363   184  Cl    11.34            19.88             5.69        
  368   185  Cl    11.34            17.04            14.225       
  369   186  Cl    14.175           19.88            14.225       
  370   187  Cl    14.175           17.04            11.38        
  371   188  Cl    11.34            19.88            11.38        
  376   189  Cl    11.34            17.04            19.915       
  377   190  Cl    14.175           19.88            19.915       
  378   191  Cl    14.175           17.04            17.07        
  379   192  Cl    11.34            19.88            17.07        
  384   193  Cl    17.01             0.0              2.845       
  385   194  Cl    19.845            2.84             2.845       
  386   195  Cl    19.845            0.0              0.0         
  387   196  Cl    17.01             2.84             0.0         
  392   197  Cl    17.01             0.0              8.535       
  393   198  Cl    19.845            2.84             8.535       
  394   199  Cl    19.845            0.0              5.69        
  395   200  Cl    17.01             2.84             5.69        
  400   201  Cl    17.01             0.0             14.225       
  401   202  Cl    19.845            2.84            14.225       
  402   203  Cl    19.845            0.0             11.38        
  403   204  Cl    17.01             2.84            11.38        
  408   205  Cl    17.01             0.0             19.915       
  409   206  Cl    19.845            2.84            19.915       
  410   207  Cl    19.845            0.0             17.07        
  411   208  Cl    17.01             2.84            17.07        
  416   209  Cl    17.01             5.68             2.845       
  417   210  Cl    19.845            8.52             2.845       
  418   211  Cl    19.845            5.68             0.0         
  419   212  Cl    17.01             8.52             0.0         
  424   213  Cl    17.01             5.68             8.535       
  425   214  Cl    19.845            8.52             8.535       
  426   215  Cl    19.845            5.68             5.69        
  427   216  Cl    17.01             8.52             5.69        
  432   217  Cl    17.01             5.68            14.225       
  433   218  Cl    19.845            8.52            14.225       
  434   219  Cl    19.845            5.68            11.38        
  435   220  Cl    17.01             8.52            11.38        
  440   221  Cl    17.01             5.68            19.915       
  441   222  Cl    19.845            8.52            19.915       
  442   223  Cl    19.845            5.68            17.07        
  443   224  Cl    17.01             8.52            17.07        
  448   225  Cl    17.01            11.36             2.845       
  449   226  Cl    19.845           14.2              2.845       
  450   227  Cl    19.845           11.36             0.0         
  451   228  Cl    17.01            14.2              0.0         
  456   229  Cl    17.01            11.36             8.535       
  457   230  Cl    19.845           14.2              8.535       
  458   231  Cl    19.845           11.36             5.69        
  459   232  Cl    17.01            14.2              5.69        
  464   233  Cl    17.01            11.36            14.225       
  465   234  Cl    19.845           14.2             14.225       
  466   235  Cl    19.845           11.36            11.38        
  467   236  Cl    17.01            14.2             11.38        
  472   237  Cl    17.01            11.36            19.915       
  473   238  Cl    19.845           14.2             19.915       
  474   239  Cl    19.845           11.36            17.07        
  475   240  Cl    17.01            14.2             17.07        
  480   241  Cl    17.01            17.04             2.845       
  481   242  Cl    19.845           19.88             2.845       
  482   243  Cl    19.845           17.04             0.0         
  483   244  Cl    17.01            19.88             0.0         
  488   245  Cl    17.01            17.04             8.535       
  489   246  Cl    19.845           19.88             8.535       
  490   247  Cl    19.845           17.04             5.69        
  491   248  Cl    17.01            19.88             5.69        
  496   249  Cl    17.01            17.04            14.225       
  497   250  Cl    19.845           19.88            14.225       
  498   251  Cl    19.845           17.04            11.38        
  499   252  Cl    17.01            19.88            11.38        
  504   253  Cl    17.01            17.04            19.915       
  505   254  Cl    19.845           19.88            19.915       
  506   255  Cl    19.845           17.04            17.07        
  507   256  Cl    17.01            19.88            17.07        
    4     1  Na     0.0              0.0              0.0         
    5     2  Na     2.835            2.84             0.0         
    6     3  Na     2.835            0.0              2.845       
    7     4  Na     0.0              2.84             2.845       
   12     1  K1     0.0              0.0              5.69        
   13     5  Na     2.835            2.84             5.69        
   14     6  Na     2.835            0.0              8.535       
   15     7  Na     0.0              2.84             8.535       
   20     8  Na     0.0              0.0             11.38        
   21     9  Na     2.835            2.84            11.38        
   22    10  Na     2.835            0.0             14.225       
   23    11  Na     0.0              2.84            14.225       
   28    12  Na     0.0              0.0             17.07        
   29    13  Na     2.835            2.84            17.07        
   30    14  Na     2.835            0.0             19.915       
   31    15  Na     0.0              2.84            19.915       
   36    16  Na     0.0              5.68             0.0         
   37    17  Na     2.835            8.52             0.0         
   38    18  Na     2.835            5.68             2.845       
   39    19  Na     0.0              8.52             2.845       
   44     2  K1     0.0              5.68             5.69        
   45    20  Na     2.835            8.52             5.69        
   46    21  Na     2.835            5.68             8.535       
   47    22  Na     0.0              8.52             8.535       
   52    23  Na     0.0              5.68            11.38        
   53    24  Na     2.835            8.52            11.38        
   54    25  Na     2.835            5.68            14.225       
   55     3  K1     0.0              8.52            14.225       
   60    26  Na     0.0              5.68            17.07        
   61    27  Na     2.835            8.52            17.07        
   62    28  Na     2.835            5.68            19.915       
   63    29  Na     0.0              8.52            19.915       
   68    30  Na     0.0             11.36             0.0         
   69    31  Na     2.835           14.2              0.0         
   70    32  Na     2.835           11.36             2.845       
   71    33  Na     0.0             14.2              2.845       
   76    34  Na     0.0             11.36             5.69        
   77    35  Na     2.835           14.2              5.69        
   78    36  Na     2.835           11.36             8.535       
   79    37  Na     0.0             14.2              8.535       
   84    38  Na     0.0             11.36            11.38        
   85    39  Na     2.835           14.2             11.38        
   86    40  Na     2.835           11.36            14.225       
   87    41  Na     0.0             14.2             14.225       
   92    42  Na     0.0             11.36            17.07        
   93    43  Na     2.835           14.2             17.07        
   94    44  Na     2.835           11.36            19.915       
   95    45  Na     0.0             14.2             19.915       
  100    46  Na     0.0             17.04             0.0         
  101    47  Na     2.835           19.88             0.0         
  102    48  Na     2.835           17.04             2.845       
  103    49  Na     0.0             19.88             2.845       
  108     1  N      0.7378          17.04             5.69        
  108     1  C     -0.7378          17.04             5.69        
  108     1  H      1.1125          16.7247           4.7856      
  108     2  H      1.1126          16.4144           6.4152      
  108     3  H      1.1125          17.9809           5.8691      
  108     4  H     -1.0718          16.019            5.4957      
  108     5  H     -1.0717          17.3822           6.6714      
  108     6  H     -1.0717          17.7188           4.903       
  109    50  Na     2.835           19.88             5.69        
  110    51  Na     2.835           17.04             8.535       
  111    52  Na     0.0             19.88             8.535       
  116    53  Na     0.0             17.04            11.38        
  117    54  Na     2.835           19.88            11.38        
  118    55  Na     2.835           17.04            14.225       
  119     1  N      0.7378          19.88            14.225       
  119     1  C     -0.7378          19.88            14.225       
  119     1  H      1.1125          19.5647          13.3206      
  119     2  H      1.1126          19.2544          14.9502      
  119     3  H      1.1125          20.8209          14.4041      
  119     4  H     -1.0718          18.859           14.0307      
  119     5  H     -1.0717          20.2222          15.2064      
  119     6  H     -1.0717          20.5588          13.438       
  124    56  Na     0.0             17.04            17.07        
  125    57  Na     2.835           19.88            17.07        
  126    58  Na     2.835           17.04            19.915       
  127    59  Na     0.0             19.88            19.915       
  132    60  Na     5.67             0.0              0.0         
  133     4  K1     8.505            2.84             0.0         
  134    61  Na     8.505            0.0              2.845       
  135    62  Na     5.67             2.84             2.845       
  140    63  Na     5.67             0.0              5.69        
  141    64  Na     8.505            2.84             5.69        
  142    65  Na     8.505            0.0              8.535       
  143    66  Na     5.67             2.84             8.535       
  148    67  Na     5.67             0.0             11.38        
  149     5  K1     8.505            2.84            11.38        
  150    68  Na     8.505            0.0             14.225       
  151    69  Na     5.67             2.84            14.225       
  156    70  Na     5.67             0.0             17.07        
  157    71  Na     8.505            2.84            17.07        
  158    72  Na     8.505            0.0             19.915       
  159    73  Na     5.67             2.84            19.915       
  164    74  Na     5.67             5.68             0.0         
  165    75  Na     8.505            8.52             0.0         
  166    76  Na     8.505            5.68             2.845       
  167    77  Na     5.67             8.52             2.845       
  172    78  Na     5.67             5.68             5.69        
  173    79  Na     8.505            8.52             5.69        
  174    80  Na     8.505            5.68             8.535       
  175    81  Na     5.67             8.52             8.535       
  180    82  Na     5.67             5.68            11.38        
  181    83  Na     8.505            8.52            11.38        
  182    84  Na     8.505            5.68            14.225       
  183    85  Na     5.67             8.52            14.225       
  188    86  Na     5.67             5.68            17.07        
  189    87  Na     8.505            8.52            17.07        
  190    88  Na     8.505            5.68            19.915       
  191    89  Na     5.67             8.52            19.915       
  196    90  Na     5.67            11.36             0.0         
  197    91  Na     8.505           14.2              0.0         
  198    92  Na     8.505           11.36             2.845       
  199    93  Na     5.67            14.2              2.845       
  204    94  Na     5.67            11.36             5.69        
  205    95  Na     8.505           14.2              5.69        
  206    96  Na     8.505           11.36             8.535       
  207    97  Na     5.67            14.2              8.535       
  212    98  Na     5.67            11.36            11.38        
  213    99  Na     8.505           14.2             11.38        
  214   100  Na     8.505           11.36            14.225       
  215   101  Na     5.67            14.2             14.225       
  220   102  Na     5.67            11.36            17.07        
  221   103  Na     8.505           14.2             17.07        
  222   104  Na     8.505           11.36            19.915       
  223   105  Na     5.67            14.2             19.915       
  228   106  Na     5.67            17.04             0.0         
  229   107  Na     8.505           19.88             0.0         
  230     1  N      9.2428          17.04             2.845       
  230     1  C      7.7672          17.04             2.845       
  230     1  H      9.6175          16.7247           1.9406      
  230     2  H      9.6176          16.4144           3.5702      
  230     3  H      9.6175          17.9809           3.0241      
  230     4  H      7.4332          16.019            2.6507      
  230     5  H      7.4333          17.3822           3.8264      
  230     6  H      7.4333          17.7188           2.058       
  231   108  Na     5.67            19.88             2.845       
  236   109  Na     5.67            17.04             5.69        
  237   110  Na     8.505           19.88             5.69        
  238   111  Na     8.505           17.04             8.535       
  239   112  Na     5.67            19.88             8.535       
  244   113  Na     5.67            17.04            11.38        
  245     1  N      9.2428          19.88            11.38        
  245     1  C      7.7672          19.88            11.38        
  245     1  H      9.6175          19.5647          10.4756      
  245     2  H      9.6176          19.2544          12.1052      
  245     3  H      9.6175          20.8209          11.5591      
  245     4  H      7.4332          18.859           11.1857      
  245     5  H      7.4333          20.2222          12.3614      
  245     6  H      7.4333          20.5588          10.593       
  246   114  Na     8.505           17.04            14.225       
  247   115  Na     5.67            19.88            14.225       
  252   116  Na     5.67            17.04            17.07        
  253   117  Na     8.505           19.88            17.07        
  254   118  Na     8.505           17.04            19.915       
  255   119  Na     5.67            19.88            19.915       
  260   120  Na    11.34             0.0              0.0         
  261   121  Na    14.175            2.84             0.0         
  262   122  Na    14.175            0.0              2.845       
  263   123  Na    11.34             2.84             2.845       
  268   124  Na    11.34             0.0              5.69        
  269   125  Na    14.175            2.84             5.69        
  270   126  Na    14.175            0.0              8.535       
  271   127  Na    11.34             2.84             8.535       
  276   128  Na    11.34             0.0             11.38        
  277   129  Na    14.175            2.84            11.38        
  278   130  Na    14.175            0.0             14.225       
  279     6  K1    11.34             2.84            14.225       
  284   131  Na    11.34             0.0             17.07        
  285   132  Na    14.175            2.84            17.07        
  286   133  Na    14.175            0.0             19.915       
  287   134  Na    11.34             2.84            19.915       
  292   135  Na    11.34             5.68             0.0         
  293   136  Na    14.175            8.52             0.0         
  294   137  Na    14.175            5.68             2.845       
  295   138  Na    11.34             8.52             2.845       
  300   139  Na    11.34             5.68             5.69        
  301     7  K1    14.175            8.52             5.69        
  302   140  Na    14.175            5.68             8.535       
  303   141  Na    11.34             8.52             8.535       
  308     8  K1    11.34             5.68            11.38        
  309   142  Na    14.175            8.52            11.38        
  310   143  Na    14.175            5.68            14.225       
  311   144  Na    11.34             8.52            14.225       
  316   145  Na    11.34             5.68            17.07        
  317     1  N     14.9128           8.52            17.07        
  317     1  C     13.4372           8.52            17.07        
  317     1  H     15.2875           8.2047          16.1656      
  317     2  H     15.2876           7.8944          17.7952      
  317     3  H     15.2875           9.4609          17.2491      
  317     4  H     13.1032           7.499           16.8757      
  317     5  H     13.1033           8.8622          18.0514      
  317     6  H     13.1033           9.1988          16.283       
  318   146  Na    14.175            5.68            19.915       
  319   147  Na    11.34             8.52            19.915       
  324   148  Na    11.34            11.36             0.0         
  325   149  Na    14.175           14.2              0.0         
  326   150  Na    14.175           11.36             2.845       
  327   151  Na    11.34            14.2              2.845       
  332   152  Na    11.34            11.36             5.69        
  333   153  Na    14.175           14.2              5.69        
  334   154  Na    14.175           11.36             8.535       
  335   155  Na    11.34            14.2              8.535       
  340   156  Na    11.34            11.36            11.38        
  341   157  Na    14.175           14.2             11.38        
  342   158  Na    14.175           11.36            14.225       
  343   159  Na    11.34            14.2             14.225       
  348   160  Na    11.34            11.36            17.07        
  349   161  Na    14.175           14.2             17.07        
  350   162  Na    14.175           11.36            19.915       
  351   163  Na    11.34            14.2             19.915       
  356   164  Na    11.34            17.04             0.0         
  357     9  K1    14.175           19.88             0.0         
  358     1  N     14.9128          17.04             2.845       
  358     1  C     13.4372          17.04             2.845       
  358     1  H     15.2875          16.7247           1.9406      
  358     2  H     15.2876          16.4144           3.5702      
  358     3  H     15.2875          17.9809           3.0241      
  358     4  H     13.1032          16.019            2.6507      
  358     5  H     13.1033          17.3822           3.8264      
  358     6  H     13.1033          17.7188           2.058       
  359   165  Na    11.34            19.88             2.845       
  364   166  Na    11.34            17.04             5.69        
  365   167  Na    14.175           19.88             5.69        
  366   168  Na    14.175           17.04             8.535       
  367   169  Na    11.34            19.88             8.535       
  372   170  Na    11.34            17.04            11.38        
  373   171  Na    14.175           19.88            11.38        
  374   172  Na    14.175           17.04            14.225       
  375   173  Na    11.34            19.88            14.225       
  380   174  Na    11.34            17.04            17.07        
  381   175  Na    14.175           19.88            17.07        
  382   176  Na    14.175           17.04            19.915       
  383   177  Na    11.34            19.88            19.915       
  388   178  Na    17.01             0.0              0.0         
  389   179  Na    19.845            2.84             0.0         
  390   180  Na    19.845            0.0              2.845       
  391   181  Na    17.01             2.84             2.845       
  396   182  Na    17.01             0.0              5.69        
  397   183  Na    19.845            2.84             5.69        
  398   184  Na    19.845            0.0              8.535       
  399   185  Na    17.01             2.84             8.535       
  404    10  K1    17.01             0.0             11.38        
  405    11  K1    19.845            2.84            11.38        
  406   186  Na    19.845            0.0             14.225       
  407   187  Na    17.01             2.84            14.225       
  412   188  Na    17.01             0.0             17.07        
  413   189  Na    19.845            2.84            17.07        
  414   190  Na    19.845            0.0             19.915       
  415    12  K1    17.01             2.84            19.915       
  420   191  Na    17.01             5.68             0.0         
  421   192  Na    19.845            8.52             0.0         
  422   193  Na    19.845            5.68             2.845       
  423    13  K1    17.01             8.52             2.845       
  428   194  Na    17.01             5.68             5.69        
  429   195  Na    19.845            8.52             5.69        
  430   196  Na    19.845            5.68             8.535       
  431   197  Na    17.01             8.52             8.535       
  436   198  Na    17.01             5.68            11.38        
  437   199  Na    19.845            8.52            11.38        
  438    14  K1    19.845            5.68            14.225       
  439   200  Na    17.01             8.52            14.225       
  444     1  N     17.7478           5.68            17.07        
  444     1  C     16.2722           5.68            17.07        
  444     1  H     18.1225           5.3647          16.1656      
  444     2  H     18.1226           5.0544          17.7952      
  444     3  H     18.1225           6.6209          17.2491      
  444     4  H     15.9382           4.659           16.8757      
  444     5  H     15.9383           6.0222          18.0514      
  444     6  H     15.9383           6.3588          16.283       
  445   201  Na    19.845            8.52            17.07        
  446   202  Na    19.845            5.68            19.915       
  447   203  Na    17.01             8.52            19.915       
  452   204  Na    17.01            11.36             0.0         
  453   205  Na    19.845           14.2              0.0         
  454   206  Na    19.845           11.36             2.845       
  455   207  Na    17.01            14.2              2.845       
  460   208  Na    17.01            11.36             5.69        
  461   209  Na    19.845           14.2              5.69        
  462    15  K1    19.845           11.36             8.535       
  463   210  Na    17.01            14.2              8.535       
  468   211  Na    17.01            11.36            11.38        
  469     1  N     20.5828          14.2             11.38        
  469     1  C     19.1072          14.2             11.38        
  469     1  H     20.9575          13.8847          10.4756      
  469     2  H     20.9576          13.5744          12.1052      
  469     3  H     20.9575          15.1409          11.5591      
  469     4  H     18.7732          13.179           11.1857      
  469     5  H     18.7733          14.5422          12.3614      
  469     6  H     18.7733          14.8788          10.593       
  470   212  Na    19.845           11.36            14.225       
  471   213  Na    17.01            14.2             14.225       
  476   214  Na    17.01            11.36            17.07        
  477    16  K1    19.845           14.2             17.07        
  478   215  Na    19.845           11.36            19.915       
  479   216  Na    17.01            14.2             19.915       
  484   217  Na    17.01            17.04             0.0         
  485   218  Na    19.845           19.88             0.0         
  486   219  Na    19.845           17.04             2.845       
  487   220  Na    17.01            19.88             2.845       
  492   221  Na    17.01            17.04             5.69        
  493   222  Na    19.845           19.88             5.69        
  494   223  Na    19.845           17.04             8.535       
  495   224  Na    17.01            19.88             8.535       
  500   225  Na    17.01            17.04            11.38        
  501   226  Na    19.845           19.88            11.38        
  502   227  Na    19.845           17.04            14.225       
  503   228  Na    17.01            19.88            14.225       
  508     1  N     17.7478          17.04            17.07        
  508     1  C     16.2722          17.04            17.07        
  508     1  H     18.1225          16.7247          16.1656      
  508     2  H     18.1226          16.4144          17.7952      
  508     3  H     18.1225          17.9809          17.2491      
  508     4  H     15.9382          16.019           16.8757      
  508     5  H     15.9383          17.3822          18.0514      
  508     6  H     15.9383          17.7188          16.283       
  509   229  Na    19.845           19.88            17.07        
  510     1  N     20.5828          17.04            19.915       
  510     1  C     19.1072          17.04            19.915       
  510     1  H     20.9575          16.7247          19.0106      
  510     2  H     20.9576          16.4144          20.6402      
  510     3  H     20.9575          17.9809          20.0941      
  510     4  H     18.7732          16.019           19.7207      
  510     5  H     18.7733          17.3822          20.8964      
  510     6  H     18.7733          17.7188          19.128       
  511   230  Na    17.01            19.88            19.915       