              Номер итерации =  300
           Потрачено времени =  0.0160
                          χ² =  0.0054
                           Q =  0.1101
         Q - Q теоретическая = -0.0070

Вероятность появления разностортных пар
Пар  В итерации Теоретическая  Разница  
  0   0.4008      0.4321     -0.03136  
  1   0.3969      0.3457      0.05117  
  2   0.08949     0.1268     -0.03727  
  3   0.04669     0.02817     0.01852  
  4   0.0         0.004225   -0.004225 
  5   0.0         0.0004508  -0.0004508
  6   0.0         3.739e-05  -3.739e-05
  7   0.0         3.205e-05  -3.205e-05
  8   0.0         0.0002818  -0.0002818
  9   0.0         0.001878   -0.001878 
 10   0.003891    0.008451   -0.00456  
 11   0.02335     0.02305     0.0002987
 12   0.03502     0.02881     0.00621  


Атомы суперячейки после внедрения

   id  count name position
    0     1  Cl     0.0              0.0              2.845       
    1     2  Cl     2.835            2.84             2.845       
    2     3  Cl     2.835            0.0              0.0         
    3     4  Cl     0.0              2.84             0.0         
    8     5  Cl     0.0              0.0              8.535       
    9     6  Cl     2.835            2.84             8.535       
   10     7  Cl     2.835            0.0              5.69        
   11     8  Cl     0.0              2.84             5.69        
   16     9  Cl     0.0              0.0             14.225       
   17    10  Cl     2.835            2.84            14.225       
   18    11  Cl     2.835            0.0             11.38        
   19    12  Cl     0.0              2.84            11.38        
   24    13  Cl     0.0              0.0             19.915       
   25    14  Cl     2.835            2.84            19.915       
   26    15  Cl     2.835            0.0             17.07        
   27    16  Cl     0.0              2.84            17.07        
   32    17  Cl     0.0              5.68             2.845       
   33    18  Cl     2.835            8.52             2.845       
   34    19  Cl     2.835            5.68             0.0         
   35    20  Cl     0.0              8.52             0.0         
   40    21  Cl     0.0              5.68             8.535       
   41    22  Cl     2.835            8.52             8.535       
   42    23  Cl     2.835            5.68             5.69        
   43    24  Cl     0.0              8.52             5.69        
   48    25  Cl     0.0              5.68            14.225       
   49    26  Cl     2.835            8.52            14.225       
   50    27  Cl     2.835            5.68            11.38        
   51    28  Cl     0.0              8.52            11.38        
   56    29  Cl     0.0              5.68            19.915       
   57    30  Cl     2.835            8.52            19.915       
   58    31  Cl     2.835            5.68            17.07        
   59    32  Cl     0.0              8.52            17.07        
   64    33  Cl     0.0             11.36             2.845       
   65    34  Cl     2.835           14.2              2.845       
   66    35  Cl     2.835           11.36             0.0         
   67    36  Cl     0.0             14.2              0.0         
   72    37  Cl     0.0             11.36             8.535       
   73    38  Cl     2.835           14.2              8.535       
   74    39  Cl     2.835           11.36             5.69        
   75    40  Cl     0.0             14.2              5.69        
   80    41  Cl     0.0             11.36            14.225       
   81    42  Cl     2.835           14.2             14.225       
   82    43  Cl     2.835           11.36            11.38        
   83    44  Cl     0.0             14.2             11.38        
   88    45  Cl     0.0             11.36            19.915       
   89    46  Cl     2.835           14.2             19.915       
   90    47  Cl     2.835           11.36            17.07        
   91    48  Cl     0.0             14.2             17.07        
   96    49  Cl     0.0             17.04             2.845       
   97    50  Cl     2.835           19.88             2.845       
   98    51  Cl     2.835           17.04             0.0         
   99    52  Cl     0.0             19.88             0.0         
  104    53  Cl     0.0             17.04             8.535       
  105    54  Cl     2.835           19.88             8.535       
  106    55  Cl     2.835           17.04             5.69        
  107    56  Cl     0.0             19.88             5.69        
  112    57  Cl     0.0             17.04            14.225       
  113    58  Cl     2.835           19.88            14.225       
  114    59  Cl     2.835           17.04            11.38        
  115    60  Cl     0.0             19.88            11.38        
  120    61  Cl     0.0             17.04            19.915       
  121    62  Cl     2.835           19.88            19.915       
  122    63  Cl     2.835           17.04            17.07        
  123    64  Cl     0.0             19.88            17.07        
  128    65  Cl     5.67             0.0              2.845       
  129    66  Cl     8.505            2.84             2.845       
  130    67  Cl     8.505            0.0              0.0         
  131    68  Cl     5.67             2.84             0.0         
  136    69  Cl     5.67             0.0              8.535       
  137    70  Cl     8.505            2.84             8.535       
  138    71  Cl     8.505            0.0              5.69        
  139    72  Cl     5.67             2.84             5.69        
  144    73  Cl     5.67             0.0             14.225       
  145    74  Cl     8.505            2.84            14.225       
  146    75  Cl     8.505            0.0             11.38        
  147    76  Cl     5.67             2.84            11.38        
  152    77  Cl     5.67             0.0             19.915       
  153    78  Cl     8.505            2.84            19.915       
  154    79  Cl     8.505            0.0             17.07        
  155    80  Cl     5.67             2.84            17.07        
  160    81  Cl     5.67             5.68             2.845       
  161    82  Cl     8.505            8.52             2.845       
  162    83  Cl     8.505            5.68             0.0         
  163    84  Cl     5.67             8.52             0.0         
  168    85  Cl     5.67             5.68             8.535       
  169    86  Cl     8.505            8.52             8.535       
  170    87  Cl     8.505            5.68             5.69        
  171    88  Cl     5.67             8.52             5.69        
  176    89  Cl     5.67             5.68            14.225       
  177    90  Cl     8.505            8.52            14.225       
  178    91  Cl     8.505            5.68            11.38        
  179    92  Cl     5.67             8.52            11.38        
  184    93  Cl     5.67             5.68            19.915       
  185    94  Cl     8.505            8.52            19.915       
  186    95  Cl     8.505            5.68            17.07        
  187    96  Cl     5.67             8.52            17.07        
  192    97  Cl     5.67            11.36             2.845       
  193    98  Cl     8.505           14.2              2.845       
  194    99  Cl     8.505           11.36             0.0         
  195   100  Cl     5.67            14.2              0.0         
  200   101  Cl     5.67            11.36             8.535       
  201   102  Cl     8.505           14.2              8.535       
  202   103  Cl     8.505           11.36             5.69        
  203   104  Cl     5.67            14.2              5.69        
  208   105  Cl     5.67            11.36            14.225       
  209   106  Cl     8.505           14.2             14.225       
  210   107  Cl     8.505           11.36            11.38        
  211   108  Cl     5.67            14.2             11.38        
  216   109  Cl     5.67            11.36            19.915       
  217   110  Cl     8.505           14.2             19.915       
  218   111  Cl     8.505           11.36            17.07        
  219   112  Cl     5.67            14.2             17.07        
  224   113  Cl     5.67            17.04             2.845       
  225   114  Cl     8.505           19.88             2.845       
  226   115  Cl     8.505           17.04             0.0         
  227   116  Cl     5.67            19.88             0.0         
  232   117  Cl     5.67            17.04             8.535       
  233   118  Cl     8.505           19.88             8.535       
  234   119  Cl     8.505           17.04             5.69        
  235   120  Cl     5.67            19.88             5.69        
  240   121  Cl     5.67            17.04            14.225       
  241   122  Cl     8.505           19.88            14.225       
  242   123  Cl     8.505           17.04            11.38        
  243   124  Cl     5.67            19.88            11.38        
  248   125  Cl     5.67            17.04            19.915       
  249   126  Cl     8.505           19.88            19.915       
  250   127  Cl     8.505           17.04            17.07        
  251   128  Cl     5.67            19.88            17.07        
  256   129  Cl    11.34             0.0              2.845       
  257   130  Cl    14.175            2.84             2.845       
  258   131  Cl    14.175            0.0              0.0         
  259   132  Cl    11.34             2.84             0.0         
  264   133  Cl    11.34             0.0              8.535       
  265   134  Cl    14.175            2.84             8.535       
  266   135  Cl    14.175            0.0              5.69        
  267   136  Cl    11.34             2.84             5.69        
  272   137  Cl    11.34             0.0             14.225       
  273   138  Cl    14.175            2.84            14.225       
  274   139  Cl    14.175            0.0             11.38        
  275   140  Cl    11.34             2.84            11.38        
  280   141  Cl    11.34             0.0             19.915       
  281   142  Cl    14.175            2.84            19.915       
  282   143  Cl    14.175            0.0             17.07        
  283   144  Cl    11.34             2.84            17.07        
  288   145  Cl    11.34             5.68             2.845       
  289   146  Cl    14.175            8.52             2.845       
  290   147  Cl    14.175            5.68             0.0         
  291   148  Cl    11.34             8.52             0.0         
  296   149  Cl    11.34             5.68             8.535       
  297   150  Cl    14.175            8.52             8.535       
  298   151  Cl    14.175            5.68             5.69        
  299   152  Cl    11.34             8.52             5.69        
  304   153  Cl    11.34             5.68            14.225       
  305   154  Cl    14.175            8.52            14.225       
  306   155  Cl    14.175            5.68            11.38        
  307   156  Cl    11.34             8.52            11.38        
  312   157  Cl    11.34             5.68            19.915       
  313   158  Cl    14.175            8.52            19.915       
  314   159  Cl    14.175            5.68            17.07        
  315   160  Cl    11.34             8.52            17.07        
  320   161  Cl    11.34            11.36             2.845       
  321   162  Cl    14.175           14.2              2.845       
  322   163  Cl    14.175           11.36             0.0         
  323   164  Cl    11.34            14.2              0.0         
  328   165  Cl    11.34            11.36             8.535       
  329   166  Cl    14.175           14.2              8.535       
  330   167  Cl    14.175           11.36             5.69        
  331   168  Cl    11.34            14.2              5.69        
  336   169  Cl    11.34            11.36            14.225       
  337   170  Cl    14.175           14.2             14.225       
  338   171  Cl    14.175           11.36            11.38        
  339   172  Cl    11.34            14.2             11.38        
  344   173  Cl    11.34            11.36            19.915       
  345   174  Cl    14.175           14.2             19.915       
  346   175  Cl    14.175           11.36            17.07        
  347   176  Cl    11.34            14.2             17.07        
  352   177  Cl    11.34            17.04             2.845       
  353   178  Cl    14.175           19.88             2.845       
  354   179  Cl    14.175           17.04             0.0         
  355   180  Cl    11.34            19.88             0.0         
  360   181  Cl    11.34            17.04             8.535       
  361   182  Cl    14.175           19.88             8.535       
  362   183  Cl    14.175           17.04             5.69        
  363   184  Cl    11.34            19.88             5.69        
  368   185  Cl    11.34            17.04            14.225       
  369   186  Cl    14.175           19.88            14.225       
  370   187  Cl    14.175           17.04            11.38        
  371   188  Cl    11.34            19.88            11.38        
  376   189  Cl    11.34            17.04            19.915       
  377   190  Cl    14.175           19.88            19.915       
  378   191  Cl    14.175           17.04            17.07        
  379   192  Cl    11.34            19.88            17.07        
  384   193  Cl    17.01             0.0              2.845       
  385   194  Cl    19.845            2.84             2.845       
  386   195  Cl    19.845            0.0              0.0         
  387   196  Cl    17.01             2.84             0.0         
  392   197  Cl    17.01             0.0              8.535       
  393   198  Cl    19.845            2.84             8.535       
  394   199  Cl    19.845            0.0              5.69        
  395   200  Cl    17.01             2.84             5.69        
  400   201  Cl    17.01             0.0             14.225       
  401   202  Cl    19.845            2.84            14.225       
  402   203  Cl    19.845            0.0             11.38        
  403   204  Cl    17.01             2.84            11.38        
  408   205  Cl    17.01             0.0             19.915       
  409   206  Cl    19.845            2.84            19.915       
  410   207  Cl    19.845            0.0             17.07        
  411   208  Cl    17.01             2.84            17.07        
  416   209  Cl    17.01             5.68             2.845       
  417   210  Cl    19.845            8.52             2.845       
  418   211  Cl    19.845            5.68             0.0         
  419   212  Cl    17.01             8.52             0.0         
  424   213  Cl    17.01             5.68             8.535       
  425   214  Cl    19.845            8.52             8.535       
  426   215  Cl    19.845            5.68             5.69        
  427   216  Cl    17.01             8.52             5.69        
  432   217  Cl    17.01             5.68            14.225       
  433   218  Cl    19.845            8.52            14.225       
  434   219  Cl    19.845            5.68            11.38        
  435   220  Cl    17.01             8.52            11.38        
  440   221  Cl    17.01             5.68            19.915       
  441   222  Cl    19.845            8.52            19.915       
  442   223  Cl    19.845            5.68            17.07        
  443   224  Cl    17.01             8.52            17.07        
  448   225  Cl    17.01            11.36             2.845       
  449   226  Cl    19.845           14.2              2.845       
  450   227  Cl    19.845           11.36             0.0         
  451   228  Cl    17.01            14.2              0.0         
  456   229  Cl    17.01            11.36             8.535       
  457   230  Cl    19.845           14.2              8.535       
  458   231  Cl    19.845           11.36             5.69        
  459   232  Cl    17.01            14.2              5.69        
  464   233  Cl    17.01            11.36            14.225       
  465   234  Cl    19.845           14.2             14.225       
  466   235  Cl    19.845           11.36            11.38        
  467   236  Cl    17.01            14.2             11.38        
  472   237  Cl    17.01            11.36            19.915       
  473   238  Cl    19.845           14.2             19.915       
  474   239  Cl    19.845           11.36            17.07        
  475   240  Cl    17.01            14.2             17.07        
  480   241  Cl    17.01            17.04             2.845       
  481   242  Cl    19.845           19.88             2.845       
  482   243  Cl    19.845           17.04             0.0         
  483   244  Cl    17.01            19.88             0.0         
  488   245  Cl    17.01            17.04             8.535       
  489   246  Cl    19.845           19.88             8.535       
  490   247  Cl    19.845           17.04             5.69        
  491   248  Cl    17.01            19.88             5.69        
  496   249  Cl    17.01            17.04            14.225       
  497   250  Cl    19.845           19.88            14.225       
  498   251  Cl    19.845           17.04            11.38        
  499   252  Cl    17.01            19.88            11.38        
  504   253  Cl    17.01            17.04            19.915       
  505   254  Cl    19.845           19.88            19.915       
  506   255  Cl    19.845           17.04            17.07        
  507   256  Cl    17.01            19.88            17.07        
    4     1  Na     0.0              0.0              0.0         
    5     2  Na     2.835            2.84             0.0         
    6     3  Na     2.835            0.0              2.845       
    7     4  Na     0.0              2.84             2.845       
   12     5  Na     0.0              0.0              5.69        
   13     6  Na     2.835            2.84             5.69        
   14     7  Na     2.835            0.0              8.535       
   15     8  Na     0.0              2.84             8.535       
   20     9  Na     0.0              0.0             11.38        
   21    10  Na     2.835            2.84            11.38        
   22    11  Na     2.835            0.0             14.225       
   23    12  Na     0.0              2.84            14.225       
   28    13  Na     0.0              0.0             17.07        
   29    14  Na     2.835            2.84            17.07        
   30    15  Na     2.835            0.0             19.915       
   31    16  Na     0.0              2.84            19.915       
   36    17  Na     0.0              5.68             0.0         
   37    18  Na     2.835            8.52             0.0         
   38    19  Na     2.835            5.68             2.845       
   39    20  Na     0.0              8.52             2.845       
   44    21  Na     0.0              5.68             5.69        
   45    22  Na     2.835            8.52             5.69        
   46    23  Na     2.835            5.68             8.535       
   47    24  Na     0.0              8.52             8.535       
   52    25  Na     0.0              5.68            11.38        
   53    26  Na     2.835            8.52            11.38        
   54    27  Na     2.835            5.68            14.225       
   55    28  Na     0.0              8.52            14.225       
   60    29  Na     0.0              5.68            17.07        
   61    30  Na     2.835            8.52            17.07        
   62    31  Na     2.835            5.68            19.915       
   63    32  Na     0.0              8.52            19.915       
   68    33  Na     0.0             11.36             0.0         
   69    34  Na     2.835           14.2              0.0         
   70    35  Na     2.835           11.36             2.845       
   71    36  Na     0.0             14.2              2.845       
   76    37  Na     0.0             11.36             5.69        
   77     1  K1     2.835           14.2              5.69        
   78    38  Na     2.835           11.36             8.535       
   79    39  Na     0.0             14.2              8.535       
   84    40  Na     0.0             11.36            11.38        
   85    41  Na     2.835           14.2             11.38        
   86    42  Na     2.835           11.36            14.225       
   87    43  Na     0.0             14.2             14.225       
   92    44  Na     0.0             11.36            17.07        
   93    45  Na     2.835           14.2             17.07        
   94    46  Na     2.835           11.36            19.915       
   95    47  Na     0.0             14.2             19.915       
  100    48  Na     0.0             17.04             0.0         
  101    49  Na     2.835           19.88             0.0         
  102    50  Na     2.835           17.04             2.845       
  103    51  Na     0.0             19.88             2.845       
  108    52  Na     0.0             17.04             5.69        
  109    53  Na     2.835           19.88             5.69        
  110    54  Na     2.835           17.04             8.535       
  111    55  Na     0.0             19.88             8.535       
  116    56  Na     0.0             17.04            11.38        
  117     2  K1     2.835           19.88            11.38        
  118    57  Na     2.835           17.04            14.225       
  119    58  Na     0.0             19.88            14.225       
  124    59  Na     0.0             17.04            17.07        
  125    60  Na     2.835           19.88            17.07        
  126    61  Na     2.835           17.04            19.915       
  127    62  Na     0.0             19.88            19.915       
  132    63  Na     5.67             0.0              0.0         
  133    64  Na     8.505            2.84             0.0         
  134    65  Na     8.505            0.0              2.845       
  135    66  Na     5.67             2.84             2.845       
  140    67  Na     5.67             0.0              5.69        
  141    68  Na     8.505            2.84             5.69        
  142    69  Na     8.505            0.0              8.535       
  143    70  Na     5.67             2.84             8.535       
  148    71  Na     5.67             0.0             11.38        
  149    72  Na     8.505            2.84            11.38        
  150    73  Na     8.505            0.0             14.225       
  151    74  Na     5.67             2.84            14.225       
  156    75  Na     5.67             0.0             17.07        
  157    76  Na     8.505            2.84            17.07        
  158    77  Na     8.505            0.0             19.915       
  159    78  Na     5.67             2.84            19.915       
  164     3  K1     5.67             5.68             0.0         
  165    79  Na     8.505            8.52             0.0         
  166    80  Na     8.505            5.68             2.845       
  167     4  K1     5.67             8.52             2.845       
  172    81  Na     5.67             5.68             5.69        
  173    82  Na     8.505            8.52             5.69        
  174    83  Na     8.505            5.68             8.535       
  175    84  Na     5.67             8.52             8.535       
  180    85  Na     5.67             5.68            11.38        
  181    86  Na     8.505            8.52            11.38        
  182    87  Na     8.505            5.68            14.225       
  183    88  Na     5.67             8.52            14.225       
  188    89  Na     5.67             5.68            17.07        
  189    90  Na     8.505            8.52            17.07        
  190    91  Na     8.505            5.68            19.915       
  191    92  Na     5.67             8.52            19.915       
  196    93  Na     5.67            11.36             0.0         
  197    94  Na     8.505           14.2              0.0         
  198    95  Na     8.505           11.36             2.845       
  199    96  Na     5.67            14.2              2.845       
  204    97  Na     5.67            11.36             5.69        
  205    98  Na     8.505           14.2              5.69        
  206    99  Na     8.505           11.36             8.535       
  207   100  Na     5.67            14.2              8.535       
  212   101  Na     5.67            11.36            11.38        
  213   102  Na     8.505           14.2             11.38        
  214   103  Na     8.505           11.36            14.225       
  215   104  Na     5.67            14.2             14.225       
  220     5  K1     5.67            11.36            17.07        
  221   105  Na     8.505           14.2             17.07        
  222   106  Na     8.505           11.36            19.915       
  223   107  Na     5.67            14.2             19.915       
  228   108  Na     5.67            17.04             0.0         
  229   109  Na     8.505           19.88             0.0         
  230   110  Na     8.505           17.04             2.845       
  231   111  Na     5.67            19.88             2.845       
  236   112  Na     5.67            17.04             5.69        
  237   113  Na     8.505           19.88             5.69        
  238   114  Na     8.505           17.04             8.535       
  239   115  Na     5.67            19.88             8.535       
  244   116  Na     5.67            17.04            11.38        
  245   117  Na     8.505           19.88            11.38        
  246   118  Na     8.505           17.04            14.225       
  247   119  Na     5.67            19.88            14.225       
  252   120  Na     5.67            17.04            17.07        
  253     6  K1     8.505           19.88            17.07        
  254   121  Na     8.505           17.04            19.915       
  255   122  Na     5.67            19.88            19.915       
  260   123  Na    11.34             0.0              0.0         
  261   124  Na    14.175            2.84             0.0         
  262   125  Na    14.175            0.0              2.845       
  263   126  Na    11.34             2.84             2.845       
  268   127  Na    11.34             0.0              5.69        
  269   128  Na    14.175            2.84             5.69        
  270   129  Na    14.175            0.0              8.535       
  271   130  Na    11.34             2.84             8.535       
  276   131  Na    11.34             0.0             11.38        
  277   132  Na    14.175            2.84            11.38        
  278   133  Na    14.175            0.0             14.225       
  279   134  Na    11.34             2.84            14.225       
  284   135  Na    11.34             0.0             17.07        
  285   136  Na    14.175            2.84            17.07        
  286   137  Na    14.175            0.0             19.915       
  287   138  Na    11.34             2.84            19.915       
  292   139  Na    11.34             5.68             0.0         
  293   140  Na    14.175            8.52             0.0         
  294   141  Na    14.175            5.68             2.845       
  295   142  Na    11.34             8.52             2.845       
  300     7  K1    11.34             5.68             5.69        
  301   143  Na    14.175            8.52             5.69        
  302   144  Na    14.175            5.68             8.535       
  303   145  Na    11.34             8.52             8.535       
  308   146  Na    11.34             5.68            11.38        
  309   147  Na    14.175            8.52            11.38        
  310   148  Na    14.175            5.68            14.225       
  311   149  Na    11.34             8.52            14.225       
  316   150  Na    11.34             5.68            17.07        
  317   151  Na    14.175            8.52            17.07        
  318   152  Na    14.175            5.68            19.915       
  319   153  Na    11.34             8.52            19.915       
  324   154  Na    11.34            11.36             0.0         
  325   155  Na    14.175           14.2              0.0         
  326   156  Na    14.175           11.36             2.845       
  327   157  Na    11.34            14.2              2.845       
  332   158  Na    11.34            11.36             5.69        
  333   159  Na    14.175           14.2              5.69        
  334   160  Na    14.175           11.36             8.535       
  335   161  Na    11.34            14.2              8.535       
  340   162  Na    11.34            11.36            11.38        
  341   163  Na    14.175           14.2             11.38        
  342   164  Na    14.175           11.36            14.225       
  343   165  Na    11.34            14.2             14.225       
  348   166  Na    11.34            11.36            17.07        
  349     8  K1    14.175           14.2             17.07        
  350   167  Na    14.175           11.36            19.915       
  351   168  Na    11.34            14.2             19.915       
  356   169  Na    11.34            17.04             0.0         
  357   170  Na    14.175           19.88             0.0         
  358   171  Na    14.175           17.04             2.845       
  359   172  Na    11.34            19.88             2.845       
  364   173  Na    11.34            17.04             5.69        
  365   174  Na    14.175           19.88             5.69        
  366   175  Na    14.175           17.04             8.535       
  367   176  Na    11.34            19.88             8.535       
  372   177  Na    11.34            17.04            11.38        
  373     9  K1    14.175           19.88            11.38        
  374   178  Na    14.175           17.04            14.225       
  375   179  Na    11.34            19.88            14.225       
  380   180  Na    11.34            17.04            17.07        
  381    10  K1    14.175           19.88            17.07        
  382   181  Na    14.175           17.04            19.915       
  383   182  Na    11.34            19.88            19.915       
  388   183  Na    17.01             0.0              0.0         
  389   184  Na    19.845            2.84             0.0         
  390   185  Na    19.845            0.0              2.845       
  391   186  Na    17.01             2.84             2.845       
  396   187  Na    17.01             0.0              5.69        
  397   188  Na    19.845            2.84             5.69        
  398   189  Na    19.845            0.0              8.535       
  399   190  Na    17.01             2.84             8.535       
  404   191  Na    17.01             0.0             11.38        
  405   192  Na    19.845            2.84            11.38        
  406   193  Na    19.845            0.0             14.225       
  407   194  Na    17.01             2.84            14.225       
  412   195  Na    17.01             0.0             17.07        
  413   196  Na    19.845            2.84            17.07        
  414   197  Na    19.845            0.0             19.915       
  415   198  Na    17.01             2.84            19.915       
  420   199  Na    17.01             5.68             0.0         
  421   200  Na    19.845            8.52             0.0         
  422   201  Na    19.845            5.68             2.845       
  423   202  Na    17.01             8.52             2.845       
  428   203  Na    17.01             5.68             5.69        
  429   204  Na    19.845            8.52             5.69        
  430   205  Na    19.845            5.68             8.535       
  431   206  Na    17.01             8.52             8.535       
  436   207  Na    17.01             5.68            11.38        
  437   208  Na    19.845            8.52            11.38        
  438   209  Na    19.845            5.68            14.225       
  439   210  Na    17.01             8.52            14.225       
  444   211  Na    17.01             5.68            17.07        
  445    11  K1    19.845            8.52            17.07        
  446   212  Na    19.845            5.68            19.915       
  447   213  Na    17.01             8.52            19.915       
  452   214  Na    17.01            11.36             0.0         
  453    12  K1    19.845           14.2              0.0         
  454   215  Na    19.845           11.36             2.845       
  455   216  Na    17.01            14.2              2.845       
  460   217  Na    17.01            11.36             5.69        
  461   218  Na    19.845           14.2              5.69        
  462   219  Na    19.845           11.36             8.535       
  463    13  K1    17.01            14.2              8.535       
  468   220  Na    17.01            11.36            11.38        
  469   221  Na    19.845           14.2             11.38        
  470   222  Na    19.845           11.36            14.225       
  471   223  Na    17.01            14.2             14.225       
  476   224  Na    17.01            11.36            17.07        
  477   225  Na    19.845           14.2             17.07        
  478   226  Na    19.845           11.36            19.915       
  479    14  K1    17.01            14.2             19.915       
  484   227  Na    17.01            17.04             0.0         
  485    15  K1    19.845           19.88             0.0         
  486   228  Na    19.845           17.04             2.845       
  487   229  Na    17.01            19.88             2.845       
  492   230  Na    17.01            17.04             5.69        
  493   231  Na    19.845           19.88             5.69        
  494   232  Na    19.845           17.04             8.535       
  495    16  K1    17.01            19.88             8.535       
  500   233  Na    17.01            17.04            11.38        
  501   234  Na    19.845           19.88            11.38        
  502   235  Na    19.845           17.04            14.225       
  503   236  Na    17.01            19.88            14.225       
  508   237  Na    17.01            17.04            17.07        
  509   238  Na    19.845           19.88            17.07        
  510   239  Na    19.845           17.04            19.915       
  511   240  Na    17.01            19.88            19.915       