              Номер итерации =  100
           Потрачено времени =  0.0170
                          χ² =  0.0164
                           Q =  0.1338
         Q - Q теоретическая =  0.1294

Вероятность появления разностортных пар
Пар  В итерации Теоретическая  Разница  
  0   0.1595      0.2485     -0.08898  
  1   0.4163      0.3371      0.07923  
  2   0.249       0.2096      0.03943  
  3   0.06226     0.07898    -0.01672  
  4   0.003891    0.02009    -0.0162   
  5   0.003891    0.003633    0.0002577
  6   0.0         0.0004816  -0.0004816
  7   0.0         7.86e-05   -7.86e-05 
  8   0.0         0.0003177  -0.0003177
  9   0.0         0.002236   -0.002236 
 10   0.007782    0.01109    -0.00331  
 11   0.03113     0.03486    -0.003732 
 12   0.06226     0.05303     0.009231 


Атомы суперячейки после внедрения

   id  count name position
    0     1  Cl     0.0              0.0              2.845       
    1     2  Cl     2.835            2.84             2.845       
    2     3  Cl     2.835            0.0              0.0         
    3     4  Cl     0.0              2.84             0.0         
    8     5  Cl     0.0              0.0              8.535       
    9     6  Cl     2.835            2.84             8.535       
   10     7  Cl     2.835            0.0              5.69        
   11     8  Cl     0.0              2.84             5.69        
   16     9  Cl     0.0              0.0             14.225       
   17    10  Cl     2.835            2.84            14.225       
   18    11  Cl     2.835            0.0             11.38        
   19    12  Cl     0.0              2.84            11.38        
   24    13  Cl     0.0              0.0             19.915       
   25    14  Cl     2.835            2.84            19.915       
   26    15  Cl     2.835            0.0             17.07        
   27    16  Cl     0.0              2.84            17.07        
   32    17  Cl     0.0              5.68             2.845       
   33    18  Cl     2.835            8.52             2.845       
   34    19  Cl     2.835            5.68             0.0         
   35    20  Cl     0.0              8.52             0.0         
   40    21  Cl     0.0              5.68             8.535       
   41    22  Cl     2.835            8.52             8.535       
   42    23  Cl     2.835            5.68             5.69        
   43    24  Cl     0.0              8.52             5.69        
   48    25  Cl     0.0              5.68            14.225       
   49    26  Cl     2.835            8.52            14.225       
   50    27  Cl     2.835            5.68            11.38        
   51    28  Cl     0.0              8.52            11.38        
   56    29  Cl     0.0              5.68            19.915       
   57    30  Cl     2.835            8.52            19.915       
   58    31  Cl     2.835            5.68            17.07        
   59    32  Cl     0.0              8.52            17.07        
   64    33  Cl     0.0             11.36             2.845       
   65    34  Cl     2.835           14.2              2.845       
   66    35  Cl     2.835           11.36             0.0         
   67    36  Cl     0.0             14.2              0.0         
   72    37  Cl     0.0             11.36             8.535       
   73    38  Cl     2.835           14.2              8.535       
   74    39  Cl     2.835           11.36             5.69        
   75    40  Cl     0.0             14.2              5.69        
   80    41  Cl     0.0             11.36            14.225       
   81    42  Cl     2.835           14.2             14.225       
   82    43  Cl     2.835           11.36            11.38        
   83    44  Cl     0.0             14.2             11.38        
   88    45  Cl     0.0             11.36            19.915       
   89    46  Cl     2.835           14.2             19.915       
   90    47  Cl     2.835           11.36            17.07        
   91    48  Cl     0.0             14.2             17.07        
   96    49  Cl     0.0             17.04             2.845       
   97    50  Cl     2.835           19.88             2.845       
   98    51  Cl     2.835           17.04             0.0         
   99    52  Cl     0.0             19.88             0.0         
  104    53  Cl     0.0             17.04             8.535       
  105    54  Cl     2.835           19.88             8.535       
  106    55  Cl     2.835           17.04             5.69        
  107    56  Cl     0.0             19.88             5.69        
  112    57  Cl     0.0             17.04            14.225       
  113    58  Cl     2.835           19.88            14.225       
  114    59  Cl     2.835           17.04            11.38        
  115    60  Cl     0.0             19.88            11.38        
  120    61  Cl     0.0             17.04            19.915       
  121    62  Cl     2.835           19.88            19.915       
  122    63  Cl     2.835           17.04            17.07        
  123    64  Cl     0.0             19.88            17.07        
  128    65  Cl     5.67             0.0              2.845       
  129    66  Cl     8.505            2.84             2.845       
  130    67  Cl     8.505            0.0              0.0         
  131    68  Cl     5.67             2.84             0.0         
  136    69  Cl     5.67             0.0              8.535       
  137    70  Cl     8.505            2.84             8.535       
  138    71  Cl     8.505            0.0              5.69        
  139    72  Cl     5.67             2.84             5.69        
  144    73  Cl     5.67             0.0             14.225       
  145    74  Cl     8.505            2.84            14.225       
  146    75  Cl     8.505            0.0             11.38        
  147    76  Cl     5.67             2.84            11.38        
  152    77  Cl     5.67             0.0             19.915       
  153    78  Cl     8.505            2.84            19.915       
  154    79  Cl     8.505            0.0             17.07        
  155    80  Cl     5.67             2.84            17.07        
  160    81  Cl     5.67             5.68             2.845       
  161    82  Cl     8.505            8.52             2.845       
  162    83  Cl     8.505            5.68             0.0         
  163    84  Cl     5.67             8.52             0.0         
  168    85  Cl     5.67             5.68             8.535       
  169    86  Cl     8.505            8.52             8.535       
  170    87  Cl     8.505            5.68             5.69        
  171    88  Cl     5.67             8.52             5.69        
  176    89  Cl     5.67             5.68            14.225       
  177    90  Cl     8.505            8.52            14.225       
  178    91  Cl     8.505            5.68            11.38        
  179    92  Cl     5.67             8.52            11.38        
  184    93  Cl     5.67             5.68            19.915       
  185    94  Cl     8.505            8.52            19.915       
  186    95  Cl     8.505            5.68            17.07        
  187    96  Cl     5.67             8.52            17.07        
  192    97  Cl     5.67            11.36             2.845       
  193    98  Cl     8.505           14.2              2.845       
  194    99  Cl     8.505           11.36             0.0         
  195   100  Cl     5.67            14.2              0.0         
  200   101  Cl     5.67            11.36             8.535       
  201   102  Cl     8.505           14.2              8.535       
  202   103  Cl     8.505           11.36             5.69        
  203   104  Cl     5.67            14.2              5.69        
  208   105  Cl     5.67            11.36            14.225       
  209   106  Cl     8.505           14.2             14.225       
  210   107  Cl     8.505           11.36            11.38        
  211   108  Cl     5.67            14.2             11.38        
  216   109  Cl     5.67            11.36            19.915       
  217   110  Cl     8.505           14.2             19.915       
  218   111  Cl     8.505           11.36            17.07        
  219   112  Cl     5.67            14.2             17.07        
  224   113  Cl     5.67            17.04             2.845       
  225   114  Cl     8.505           19.88             2.845       
  226   115  Cl     8.505           17.04             0.0         
  227   116  Cl     5.67            19.88             0.0         
  232   117  Cl     5.67            17.04             8.535       
  233   118  Cl     8.505           19.88             8.535       
  234   119  Cl     8.505           17.04             5.69        
  235   120  Cl     5.67            19.88             5.69        
  240   121  Cl     5.67            17.04            14.225       
  241   122  Cl     8.505           19.88            14.225       
  242   123  Cl     8.505           17.04            11.38        
  243   124  Cl     5.67            19.88            11.38        
  248   125  Cl     5.67            17.04            19.915       
  249   126  Cl     8.505           19.88            19.915       
  250   127  Cl     8.505           17.04            17.07        
  251   128  Cl     5.67            19.88            17.07        
  256   129  Cl    11.34             0.0              2.845       
  257   130  Cl    14.175            2.84             2.845       
  258   131  Cl    14.175            0.0              0.0         
  259   132  Cl    11.34             2.84             0.0         
  264   133  Cl    11.34             0.0              8.535       
  265   134  Cl    14.175            2.84             8.535       
  266   135  Cl    14.175            0.0              5.69        
  267   136  Cl    11.34             2.84             5.69        
  272   137  Cl    11.34             0.0             14.225       
  273   138  Cl    14.175            2.84            14.225       
  274   139  Cl    14.175            0.0             11.38        
  275   140  Cl    11.34             2.84            11.38        
  280   141  Cl    11.34             0.0             19.915       
  281   142  Cl    14.175            2.84            19.915       
  282   143  Cl    14.175            0.0             17.07        
  283   144  Cl    11.34             2.84            17.07        
  288   145  Cl    11.34             5.68             2.845       
  289   146  Cl    14.175            8.52             2.845       
  290   147  Cl    14.175            5.68             0.0         
  291   148  Cl    11.34             8.52             0.0         
  296   149  Cl    11.34             5.68             8.535       
  297   150  Cl    14.175            8.52             8.535       
  298   151  Cl    14.175            5.68             5.69        
  299   152  Cl    11.34             8.52             5.69        
  304   153  Cl    11.34             5.68            14.225       
  305   154  Cl    14.175            8.52            14.225       
  306   155  Cl    14.175            5.68            11.38        
  307   156  Cl    11.34             8.52            11.38        
  312   157  Cl    11.34             5.68            19.915       
  313   158  Cl    14.175            8.52            19.915       
  314   159  Cl    14.175            5.68            17.07        
  315   160  Cl    11.34             8.52            17.07        
  320   161  Cl    11.34            11.36             2.845       
  321   162  Cl    14.175           14.2              2.845       
  322   163  Cl    14.175           11.36             0.0         
  323   164  Cl    11.34            14.2              0.0         
  328   165  Cl    11.34            11.36             8.535       
  329   166  Cl    14.175           14.2              8.535       
  330   167  Cl    14.175           11.36             5.69        
  331   168  Cl    11.34            14.2              5.69        
  336   169  Cl    11.34            11.36            14.225       
  337   170  Cl    14.175           14.2             14.225       
  338   171  Cl    14.175           11.36            11.38        
  339   172  Cl    11.34            14.2             11.38        
  344   173  Cl    11.34            11.36            19.915       
  345   174  Cl    14.175           14.2             19.915       
  346   175  Cl    14.175           11.36            17.07        
  347   176  Cl    11.34            14.2             17.07        
  352   177  Cl    11.34            17.04             2.845       
  353   178  Cl    14.175           19.88             2.845       
  354   179  Cl    14.175           17.04             0.0         
  355   180  Cl    11.34            19.88             0.0         
  360   181  Cl    11.34            17.04             8.535       
  361   182  Cl    14.175           19.88             8.535       
  362   183  Cl    14.175           17.04             5.69        
  363   184  Cl    11.34            19.88             5.69        
  368   185  Cl    11.34            17.04            14.225       
  369   186  Cl    14.175           19.88            14.225       
  370   187  Cl    14.175           17.04            11.38        
  371   188  Cl    11.34            19.88            11.38        
  376   189  Cl    11.34            17.04            19.915       
  377   190  Cl    14.175           19.88            19.915       
  378   191  Cl    14.175           17.04            17.07        
  379   192  Cl    11.34            19.88            17.07        
  384   193  Cl    17.01             0.0              2.845       
  385   194  Cl    19.845            2.84             2.845       
  386   195  Cl    19.845            0.0              0.0         
  387   196  Cl    17.01             2.84             0.0         
  392   197  Cl    17.01             0.0              8.535       
  393   198  Cl    19.845            2.84             8.535       
  394   199  Cl    19.845            0.0              5.69        
  395   200  Cl    17.01             2.84             5.69        
  400   201  Cl    17.01             0.0             14.225       
  401   202  Cl    19.845            2.84            14.225       
  402   203  Cl    19.845            0.0             11.38        
  403   204  Cl    17.01             2.84            11.38        
  408   205  Cl    17.01             0.0             19.915       
  409   206  Cl    19.845            2.84            19.915       
  410   207  Cl    19.845            0.0             17.07        
  411   208  Cl    17.01             2.84            17.07        
  416   209  Cl    17.01             5.68             2.845       
  417   210  Cl    19.845            8.52             2.845       
  418   211  Cl    19.845            5.68             0.0         
  419   212  Cl    17.01             8.52             0.0         
  424   213  Cl    17.01             5.68             8.535       
  425   214  Cl    19.845            8.52             8.535       
  426   215  Cl    19.845            5.68             5.69        
  427   216  Cl    17.01             8.52             5.69        
  432   217  Cl    17.01             5.68            14.225       
  433   218  Cl    19.845            8.52            14.225       
  434   219  Cl    19.845            5.68            11.38        
  435   220  Cl    17.01             8.52            11.38        
  440   221  Cl    17.01             5.68            19.915       
  441   222  Cl    19.845            8.52            19.915       
  442   223  Cl    19.845            5.68            17.07        
  443   224  Cl    17.01             8.52            17.07        
  448   225  Cl    17.01            11.36             2.845       
  449   226  Cl    19.845           14.2              2.845       
  450   227  Cl    19.845           11.36             0.0         
  451   228  Cl    17.01            14.2              0.0         
  456   229  Cl    17.01            11.36             8.535       
  457   230  Cl    19.845           14.2              8.535       
  458   231  Cl    19.845           11.36             5.69        
  459   232  Cl    17.01            14.2              5.69        
  464   233  Cl    17.01            11.36            14.225       
  465   234  Cl    19.845           14.2             14.225       
  466   235  Cl    19.845           11.36            11.38        
  467   236  Cl    17.01            14.2             11.38        
  472   237  Cl    17.01            11.36            19.915       
  473   238  Cl    19.845           14.2             19.915       
  474   239  Cl    19.845           11.36            17.07        
  475   240  Cl    17.01            14.2             17.07        
  480   241  Cl    17.01            17.04             2.845       
  481   242  Cl    19.845           19.88             2.845       
  482   243  Cl    19.845           17.04             0.0         
  483   244  Cl    17.01            19.88             0.0         
  488   245  Cl    17.01            17.04             8.535       
  489   246  Cl    19.845           19.88             8.535       
  490   247  Cl    19.845           17.04             5.69        
  491   248  Cl    17.01            19.88             5.69        
  496   249  Cl    17.01            17.04            14.225       
  497   250  Cl    19.845           19.88            14.225       
  498   251  Cl    19.845           17.04            11.38        
  499   252  Cl    17.01            19.88            11.38        
  504   253  Cl    17.01            17.04            19.915       
  505   254  Cl    19.845           19.88            19.915       
  506   255  Cl    19.845           17.04            17.07        
  507   256  Cl    17.01            19.88            17.07        
    4     1  Na     0.0              0.0              0.0         
    5     2  Na     2.835            2.84             0.0         
    6     3  Na     2.835            0.0              2.845       
    7     4  Na     0.0              2.84             2.845       
   12     5  Na     0.0              0.0              5.69        
   13     6  Na     2.835            2.84             5.69        
   14     7  Na     2.835            0.0              8.535       
   15     8  Na     0.0              2.84             8.535       
   20     9  Na     0.0              0.0             11.38        
   21     1  K1     2.835            2.84            11.38        
   22    10  Na     2.835            0.0             14.225       
   23    11  Na     0.0              2.84            14.225       
   28    12  Na     0.0              0.0             17.07        
   29    13  Na     2.835            2.84            17.07        
   30    14  Na     2.835            0.0             19.915       
   31    15  Na     0.0              2.84            19.915       
   36     2  K1     0.0              5.68             0.0         
   37    16  Na     2.835            8.52             0.0         
   38     3  K1     2.835            5.68             2.845       
   39    17  Na     0.0              8.52             2.845       
   44     1  N      0.7378           5.68             5.69        
   44     1  C     -0.7378           5.68             5.69        
   44     1  H      1.1125           5.3647           4.7856      
   44     2  H      1.1126           5.0544           6.4152      
   44     3  H      1.1125           6.6209           5.8691      
   44     4  H     -1.0718           4.659            5.4957      
   44     5  H     -1.0717           6.0222           6.6714      
   44     6  H     -1.0717           6.3588           4.903       
   45    18  Na     2.835            8.52             5.69        
   46    19  Na     2.835            5.68             8.535       
   47    20  Na     0.0              8.52             8.535       
   52    21  Na     0.0              5.68            11.38        
   53    22  Na     2.835            8.52            11.38        
   54    23  Na     2.835            5.68            14.225       
   55    24  Na     0.0              8.52            14.225       
   60     1  N      0.7378           5.68            17.07        
   60     1  C     -0.7378           5.68            17.07        
   60     1  H      1.1125           5.3647          16.1656      
   60     2  H      1.1126           5.0544          17.7952      
   60     3  H      1.1125           6.6209          17.2491      
   60     4  H     -1.0718           4.659           16.8757      
   60     5  H     -1.0717           6.0222          18.0514      
   60     6  H     -1.0717           6.3588          16.283       
   61    25  Na     2.835            8.52            17.07        
   62    26  Na     2.835            5.68            19.915       
   63    27  Na     0.0              8.52            19.915       
   68    28  Na     0.0             11.36             0.0         
   69    29  Na     2.835           14.2              0.0         
   70    30  Na     2.835           11.36             2.845       
   71    31  Na     0.0             14.2              2.845       
   76    32  Na     0.0             11.36             5.69        
   77    33  Na     2.835           14.2              5.69        
   78    34  Na     2.835           11.36             8.535       
   79    35  Na     0.0             14.2              8.535       
   84    36  Na     0.0             11.36            11.38        
   85    37  Na     2.835           14.2             11.38        
   86    38  Na     2.835           11.36            14.225       
   87    39  Na     0.0             14.2             14.225       
   92    40  Na     0.0             11.36            17.07        
   93    41  Na     2.835           14.2             17.07        
   94    42  Na     2.835           11.36            19.915       
   95    43  Na     0.0             14.2             19.915       
  100    44  Na     0.0             17.04             0.0         
  101    45  Na     2.835           19.88             0.0         
  102    46  Na     2.835           17.04             2.845       
  103     1  N      0.7378          19.88             2.845       
  103     1  C     -0.7378          19.88             2.845       
  103     1  H      1.1125          19.5647           1.9406      
  103     2  H      1.1126          19.2544           3.5702      
  103     3  H      1.1125          20.8209           3.0241      
  103     4  H     -1.0718          18.859            2.6507      
  103     5  H     -1.0717          20.2222           3.8264      
  103     6  H     -1.0717          20.5588           2.058       
  108    47  Na     0.0             17.04             5.69        
  109    48  Na     2.835           19.88             5.69        
  110    49  Na     2.835           17.04             8.535       
  111    50  Na     0.0             19.88             8.535       
  116    51  Na     0.0             17.04            11.38        
  117    52  Na     2.835           19.88            11.38        
  118    53  Na     2.835           17.04            14.225       
  119    54  Na     0.0             19.88            14.225       
  124    55  Na     0.0             17.04            17.07        
  125    56  Na     2.835           19.88            17.07        
  126    57  Na     2.835           17.04            19.915       
  127    58  Na     0.0             19.88            19.915       
  132    59  Na     5.67             0.0              0.0         
  133    60  Na     8.505            2.84             0.0         
  134    61  Na     8.505            0.0              2.845       
  135    62  Na     5.67             2.84             2.845       
  140    63  Na     5.67             0.0              5.69        
  141    64  Na     8.505            2.84             5.69        
  142    65  Na     8.505            0.0              8.535       
  143    66  Na     5.67             2.84             8.535       
  148    67  Na     5.67             0.0             11.38        
  149    68  Na     8.505            2.84            11.38        
  150    69  Na     8.505            0.0             14.225       
  151    70  Na     5.67             2.84            14.225       
  156    71  Na     5.67             0.0             17.07        
  157    72  Na     8.505            2.84            17.07        
  158    73  Na     8.505            0.0             19.915       
  159    74  Na     5.67             2.84            19.915       
  164    75  Na     5.67             5.68             0.0         
  165    76  Na     8.505            8.52             0.0         
  166    77  Na     8.505            5.68             2.845       
  167    78  Na     5.67             8.52             2.845       
  172    79  Na     5.67             5.68             5.69        
  173    80  Na     8.505            8.52             5.69        
  174    81  Na     8.505            5.68             8.535       
  175    82  Na     5.67             8.52             8.535       
  180    83  Na     5.67             5.68            11.38        
  181    84  Na     8.505            8.52            11.38        
  182    85  Na     8.505            5.68            14.225       
  183    86  Na     5.67             8.52            14.225       
  188    87  Na     5.67             5.68            17.07        
  189    88  Na     8.505            8.52            17.07        
  190    89  Na     8.505            5.68            19.915       
  191    90  Na     5.67             8.52            19.915       
  196    91  Na     5.67            11.36             0.0         
  197    92  Na     8.505           14.2              0.0         
  198    93  Na     8.505           11.36             2.845       
  199     4  K1     5.67            14.2              2.845       
  204    94  Na     5.67            11.36             5.69        
  205    95  Na     8.505           14.2              5.69        
  206     5  K1     8.505           11.36             8.535       
  207    96  Na     5.67            14.2              8.535       
  212    97  Na     5.67            11.36            11.38        
  213    98  Na     8.505           14.2             11.38        
  214    99  Na     8.505           11.36            14.225       
  215   100  Na     5.67            14.2             14.225       
  220   101  Na     5.67            11.36            17.07        
  221   102  Na     8.505           14.2             17.07        
  222     1  N      9.2428          11.36            19.915       
  222     1  C      7.7672          11.36            19.915       
  222     1  H      9.6175          11.0447          19.0106      
  222     2  H      9.6176          10.7344          20.6402      
  222     3  H      9.6175          12.3009          20.0941      
  222     4  H      7.4332          10.339           19.7207      
  222     5  H      7.4333          11.7022          20.8964      
  222     6  H      7.4333          12.0388          19.128       
  223   103  Na     5.67            14.2             19.915       
  228   104  Na     5.67            17.04             0.0         
  229   105  Na     8.505           19.88             0.0         
  230     1  N      9.2428          17.04             2.845       
  230     1  C      7.7672          17.04             2.845       
  230     1  H      9.6175          16.7247           1.9406      
  230     2  H      9.6176          16.4144           3.5702      
  230     3  H      9.6175          17.9809           3.0241      
  230     4  H      7.4332          16.019            2.6507      
  230     5  H      7.4333          17.3822           3.8264      
  230     6  H      7.4333          17.7188           2.058       
  231   106  Na     5.67            19.88             2.845       
  236   107  Na     5.67            17.04             5.69        
  237   108  Na     8.505           19.88             5.69        
  238   109  Na     8.505           17.04             8.535       
  239   110  Na     5.67            19.88             8.535       
  244     6  K1     5.67            17.04            11.38        
  245   111  Na     8.505           19.88            11.38        
  246   112  Na     8.505           17.04            14.225       
  247   113  Na     5.67            19.88            14.225       
  252   114  Na     5.67            17.04            17.07        
  253   115  Na     8.505           19.88            17.07        
  254   116  Na     8.505           17.04            19.915       
  255   117  Na     5.67            19.88            19.915       
  260   118  Na    11.34             0.0              0.0         
  261   119  Na    14.175            2.84             0.0         
  262   120  Na    14.175            0.0              2.845       
  263     7  K1    11.34             2.84             2.845       
  268     8  K1    11.34             0.0              5.69        
  269   121  Na    14.175            2.84             5.69        
  270   122  Na    14.175            0.0              8.535       
  271   123  Na    11.34             2.84             8.535       
  276   124  Na    11.34             0.0             11.38        
  277   125  Na    14.175            2.84            11.38        
  278   126  Na    14.175            0.0             14.225       
  279     1  N     12.0778           2.84            14.225       
  279     1  C     10.6022           2.84            14.225       
  279     1  H     12.4525           2.5247          13.3206      
  279     2  H     12.4526           2.2144          14.9502      
  279     3  H     12.4525           3.7809          14.4041      
  279     4  H     10.2682           1.819           14.0307      
  279     5  H     10.2683           3.1822          15.2064      
  279     6  H     10.2683           3.5188          13.438       
  284   127  Na    11.34             0.0             17.07        
  285   128  Na    14.175            2.84            17.07        
  286   129  Na    14.175            0.0             19.915       
  287   130  Na    11.34             2.84            19.915       
  292   131  Na    11.34             5.68             0.0         
  293   132  Na    14.175            8.52             0.0         
  294   133  Na    14.175            5.68             2.845       
  295   134  Na    11.34             8.52             2.845       
  300   135  Na    11.34             5.68             5.69        
  301   136  Na    14.175            8.52             5.69        
  302   137  Na    14.175            5.68             8.535       
  303   138  Na    11.34             8.52             8.535       
  308   139  Na    11.34             5.68            11.38        
  309   140  Na    14.175            8.52            11.38        
  310   141  Na    14.175            5.68            14.225       
  311   142  Na    11.34             8.52            14.225       
  316   143  Na    11.34             5.68            17.07        
  317   144  Na    14.175            8.52            17.07        
  318     1  N     14.9128           5.68            19.915       
  318     1  C     13.4372           5.68            19.915       
  318     1  H     15.2875           5.3647          19.0106      
  318     2  H     15.2876           5.0544          20.6402      
  318     3  H     15.2875           6.6209          20.0941      
  318     4  H     13.1032           4.659           19.7207      
  318     5  H     13.1033           6.0222          20.8964      
  318     6  H     13.1033           6.3588          19.128       
  319   145  Na    11.34             8.52            19.915       
  324   146  Na    11.34            11.36             0.0         
  325   147  Na    14.175           14.2              0.0         
  326   148  Na    14.175           11.36             2.845       
  327   149  Na    11.34            14.2              2.845       
  332   150  Na    11.34            11.36             5.69        
  333   151  Na    14.175           14.2              5.69        
  334   152  Na    14.175           11.36             8.535       
  335   153  Na    11.34            14.2              8.535       
  340   154  Na    11.34            11.36            11.38        
  341   155  Na    14.175           14.2             11.38        
  342   156  Na    14.175           11.36            14.225       
  343   157  Na    11.34            14.2             14.225       
  348   158  Na    11.34            11.36            17.07        
  349     9  K1    14.175           14.2             17.07        
  350   159  Na    14.175           11.36            19.915       
  351   160  Na    11.34            14.2             19.915       
  356   161  Na    11.34            17.04             0.0         
  357   162  Na    14.175           19.88             0.0         
  358   163  Na    14.175           17.04             2.845       
  359   164  Na    11.34            19.88             2.845       
  364   165  Na    11.34            17.04             5.69        
  365   166  Na    14.175           19.88             5.69        
  366   167  Na    14.175           17.04             8.535       
  367   168  Na    11.34            19.88             8.535       
  372    10  K1    11.34            17.04            11.38        
  373   169  Na    14.175           19.88            11.38        
  374   170  Na    14.175           17.04            14.225       
  375   171  Na    11.34            19.88            14.225       
  380   172  Na    11.34            17.04            17.07        
  381   173  Na    14.175           19.88            17.07        
  382   174  Na    14.175           17.04            19.915       
  383   175  Na    11.34            19.88            19.915       
  388     1  N     17.7478           0.0              0.0         
  388     1  C     16.2722           0.0              0.0         
  388     1  H     18.1225          -0.3153          -0.9044      
  388     2  H     18.1226          -0.6256           0.7252      
  388     3  H     18.1225           0.9409           0.1791      
  388     4  H     15.9382          -1.021           -0.1943      
  388     5  H     15.9383           0.3422           0.9814      
  388     6  H     15.9383           0.6788          -0.787       
  389   176  Na    19.845            2.84             0.0         
  390   177  Na    19.845            0.0              2.845       
  391   178  Na    17.01             2.84             2.845       
  396   179  Na    17.01             0.0              5.69        
  397    11  K1    19.845            2.84             5.69        
  398    12  K1    19.845            0.0              8.535       
  399   180  Na    17.01             2.84             8.535       
  404   181  Na    17.01             0.0             11.38        
  405   182  Na    19.845            2.84            11.38        
  406   183  Na    19.845            0.0             14.225       
  407   184  Na    17.01             2.84            14.225       
  412   185  Na    17.01             0.0             17.07        
  413   186  Na    19.845            2.84            17.07        
  414   187  Na    19.845            0.0             19.915       
  415   188  Na    17.01             2.84            19.915       
  420   189  Na    17.01             5.68             0.0         
  421   190  Na    19.845            8.52             0.0         
  422   191  Na    19.845            5.68             2.845       
  423   192  Na    17.01             8.52             2.845       
  428   193  Na    17.01             5.68             5.69        
  429   194  Na    19.845            8.52             5.69        
  430     1  N     20.5828           5.68             8.535       
  430     1  C     19.1072           5.68             8.535       
  430     1  H     20.9575           5.3647           7.6306      
  430     2  H     20.9576           5.0544           9.2602      
  430     3  H     20.9575           6.6209           8.7141      
  430     4  H     18.7732           4.659            8.3407      
  430     5  H     18.7733           6.0222           9.5164      
  430     6  H     18.7733           6.3588           7.748       
  431   195  Na    17.01             8.52             8.535       
  436   196  Na    17.01             5.68            11.38        
  437   197  Na    19.845            8.52            11.38        
  438   198  Na    19.845            5.68            14.225       
  439   199  Na    17.01             8.52            14.225       
  444   200  Na    17.01             5.68            17.07        
  445   201  Na    19.845            8.52            17.07        
  446   202  Na    19.845            5.68            19.915       
  447   203  Na    17.01             8.52            19.915       
  452    13  K1    17.01            11.36             0.0         
  453   204  Na    19.845           14.2              0.0         
  454   205  Na    19.845           11.36             2.845       
  455   206  Na    17.01            14.2              2.845       
  460   207  Na    17.01            11.36             5.69        
  461   208  Na    19.845           14.2              5.69        
  462   209  Na    19.845           11.36             8.535       
  463   210  Na    17.01            14.2              8.535       
  468     1  N     17.7478          11.36            11.38        
  468     1  C     16.2722          11.36            11.38        
  468     1  H     18.1225          11.0447          10.4756      
  468     2  H     18.1226          10.7344          12.1052      
  468     3  H     18.1225          12.3009          11.5591      
  468     4  H     15.9382          10.339           11.1857      
  468     5  H     15.9383          11.7022          12.3614      
  468     6  H     15.9383          12.0388          10.593       
  469   211  Na    19.845           14.2             11.38        
  470   212  Na    19.845           11.36            14.225       
  471   213  Na    17.01            14.2             14.225       
  476   214  Na    17.01            11.36            17.07        
  477    14  K1    19.845           14.2             17.07        
  478   215  Na    19.845           11.36            19.915       
  479   216  Na    17.01            14.2             19.915       
  484   217  Na    17.01            17.04             0.0         
  485   218  Na    19.845           19.88             0.0         
  486   219  Na    19.845           17.04             2.845       
  487   220  Na    17.01            19.88             2.845       
  492   221  Na    17.01            17.04             5.69        
  493   222  Na    19.845           19.88             5.69        
  494    15  K1    19.845           17.04             8.535       
  495   223  Na    17.01            19.88             8.535       
  500   224  Na    17.01            17.04            11.38        
  501    16  K1    19.845           19.88            11.38        
  502   225  Na    19.845           17.04            14.225       
  503   226  Na    17.01            19.88            14.225       
  508   227  Na    17.01            17.04            17.07        
  509   228  Na    19.845           19.88            17.07        
  510   229  Na    19.845           17.04            19.915       
  511   230  Na    17.01            19.88            19.915       