              Номер итерации =  1
           Потрачено времени =  0.0020
                          χ² =  0.0202
                           Q =  0.4382
         Q - Q теоретическая =  0.3796

Вероятность появления разностортных пар
Пар  В итерации Теоретическая  Разница  
  0   0.0         0.0001223  -0.0001223
  1   0.0         0.001472   -0.001472 
  2   0.0303      0.008144    0.02216  
  3   0.0         0.0275     -0.0275   
  4   0.1212      0.06363     0.05758  
  5   0.09091     0.1082     -0.01726  
  6   0.1515      0.1434      0.00816  
  7   0.1212      0.1583     -0.03706  
  8   0.1212      0.1558     -0.03463  
  9   0.06061     0.1408     -0.0802   
 10   0.1818      0.1101      0.0717   
 11   0.09091     0.06345     0.02746  
 12   0.0         0.01913    -0.01913  


Атомы суперячейки после внедрения

   id  count name position
    0     1  Cl    -0.0              0.0              0.0         
    1     2  Cl    -0.1405163052     0.1407636931     0.0         
    2     3  Cl    -0.0              0.0              0.0         
    3     4  Cl    -0.0              0.0              0.0         
    8     5  Cl    -0.0              0.0              0.0         
    9     6  Cl    -0.1405163052     0.4222910792     0.0         
   10     7  Cl    -0.0              0.2815273861     0.0         
   11     8  Cl    -0.0              0.0              0.0         
   16     9  Cl    -0.0              0.0              0.0         
   17    10  Cl    -0.4215489156     0.1407636931     0.0         
   18    11  Cl    -0.2810326104     0.0              0.0         
   19    12  Cl    -0.0              0.0              0.0         
   24    13  Cl    -0.0              0.0              0.0         
   25    14  Cl    -0.4215489156     0.4222910792     0.0         
   26    15  Cl    -0.2810326104     0.2815273861     0.0         
   27    16  Cl    -0.0              0.0              0.0         
   32    17  Cl    -0.0              0.2815273861     0.0         
   33    18  Cl    -0.4215489156     0.4222910792     0.0         
   34    19  Cl    -0.0              0.0              0.0         
   35    20  Cl    -0.2810326104     0.0              0.0         
   40    21  Cl    -0.0              0.8445821583     0.0         
   41    22  Cl    -0.4215489156     1.2668732375     0.0         
   42    23  Cl    -0.0              0.8445821583     0.0         
   43    24  Cl    -0.2810326104     0.5630547722     0.0         
   48    25  Cl    -0.5620652208     0.2815273861     0.0         
   49    26  Cl    -1.2646467467     0.4222910792     0.0         
   50    27  Cl    -0.8430978311     0.0              0.0         
   51    28  Cl    -0.8430978311     0.0              0.0         
   56    29  Cl    -0.5620652208     0.8445821583     0.0         
   57    30  Cl    -1.2646467467     1.2668732375     0.0         
   58    31  Cl    -0.8430978311     0.8445821583     0.0         
   59    32  Cl    -0.8430978311     0.5630547722     0.0         
    4     1  N      0.7378           0.0              0.0         
    4     1  C     -0.7378           0.0              0.0         
    4     1  H      1.1125          -0.3153          -0.9044      
    4     2  H      1.1126          -0.6256           0.7252      
    4     3  H      1.1125           0.9409           0.1791      
    4     4  H     -1.0718          -1.021           -0.1943      
    4     5  H     -1.0717           0.3422           0.9814      
    4     6  H     -1.0717           0.6788          -0.787       
    5     1  N      0.5972836948     0.0              0.0         
    5     1  C     -0.8783163052     0.0              0.0         
    5     1  H      0.9719836948    -0.3153          -0.9044      
    5     2  H      0.9720836948    -0.6256           0.7252      
    5     3  H      0.9719836948     0.9409           0.1791      
    5     4  H     -1.2123163052    -1.021           -0.1943      
    5     5  H     -1.2122163052     0.3422           0.9814      
    5     6  H     -1.2122163052     0.6788          -0.787       
    6     1  N      0.7378           0.1407636931     0.0         
    6     1  C     -0.7378           0.1407636931     0.0         
    6     1  H      1.1125          -0.1745363069    -0.9044      
    6     2  H      1.1126          -0.4848363069     0.7252      
    6     3  H      1.1125           1.0816636931     0.1791      
    6     4  H     -1.0718          -0.8802363069    -0.1943      
    6     5  H     -1.0717           0.4829636931     0.9814      
    6     6  H     -1.0717           0.8195636931    -0.787       
    7     1  K1    -0.0              0.0              0.0         
   12     1  N      0.7378           0.0              0.0         
   12     1  C     -0.7378           0.0              0.0         
   12     1  H      1.1125          -0.3153          -0.9044      
   12     2  H      1.1126          -0.6256           0.7252      
   12     3  H      1.1125           0.9409           0.1791      
   12     4  H     -1.0718          -1.021           -0.1943      
   12     5  H     -1.0717           0.3422           0.9814      
   12     6  H     -1.0717           0.6788          -0.787       
   13     1  Na    -0.1405163052     0.2815273861     0.0         
   14     1  N      0.7378           0.4222910792     0.0         
   14     1  C     -0.7378           0.4222910792     0.0         
   14     1  H      1.1125           0.1069910792    -0.9044      
   14     2  H      1.1126          -0.2033089208     0.7252      
   14     3  H      1.1125           1.3631910792     0.1791      
   14     4  H     -1.0718          -0.5987089208    -0.1943      
   14     5  H     -1.0717           0.7644910792     0.9814      
   14     6  H     -1.0717           1.1010910792    -0.787       
   15     2  K1    -0.0              0.0              0.0         
   20     3  K1    -0.0              0.0              0.0         
   21     2  Na    -0.4215489156     0.0              0.0         
   22     4  K1    -0.2810326104     0.1407636931     0.0         
   23     5  K1    -0.0              0.0              0.0         
   28     6  K1    -0.0              0.0              0.0         
   29     7  K1    -0.4215489156     0.2815273861     0.0         
   30     1  N      0.4567673896     0.4222910792     0.0         
   30     1  C     -1.0188326104     0.4222910792     0.0         
   30     1  H      0.8314673896     0.1069910792    -0.9044      
   30     2  H      0.8315673896    -0.2033089208     0.7252      
   30     3  H      0.8314673896     1.3631910792     0.1791      
   30     4  H     -1.3528326104    -0.5987089208    -0.1943      
   30     5  H     -1.3527326104     0.7644910792     0.9814      
   30     6  H     -1.3527326104     1.1010910792    -0.787       
   31     3  Na    -0.0              0.0              0.0         
   36     1  N      0.7378           0.0              0.0         
   36     1  C     -0.7378           0.0              0.0         
   36     1  H      1.1125          -0.3153          -0.9044      
   36     2  H      1.1126          -0.6256           0.7252      
   36     3  H      1.1125           0.9409           0.1791      
   36     4  H     -1.0718          -1.021           -0.1943      
   36     5  H     -1.0717           0.3422           0.9814      
   36     6  H     -1.0717           0.6788          -0.787       
   37     4  Na    -0.4215489156     0.0              0.0         
   38     8  K1    -0.0              0.4222910792     0.0         
   39     5  Na    -0.2810326104     0.2815273861     0.0         
   44     1  N      0.7378           0.5630547722     0.0         
   44     1  C     -0.7378           0.5630547722     0.0         
   44     1  H      1.1125           0.2477547722    -0.9044      
   44     2  H      1.1126          -0.0625452278     0.7252      
   44     3  H      1.1125           1.5039547722     0.1791      
   44     4  H     -1.0718          -0.4579452278    -0.1943      
   44     5  H     -1.0717           0.9052547722     0.9814      
   44     6  H     -1.0717           1.2418547722    -0.787       
   45     9  K1    -0.4215489156     0.8445821583     0.0         
   46    10  K1    -0.0              1.2668732375     0.0         
   47     6  Na    -0.2810326104     0.8445821583     0.0         
   52    11  K1    -0.5620652208     0.0              0.0         
   53    12  K1    -1.2646467467     0.0              0.0         
   54    13  K1    -0.8430978311     0.4222910792     0.0         
   55    14  K1    -0.8430978311     0.2815273861     0.0         
   60    15  K1    -0.5620652208     0.5630547722     0.0         
   61    16  K1    -1.2646467467     0.8445821583     0.0         
   62     1  N     -0.1052978311     1.2668732375     0.0         
   62     1  C     -1.5808978311     1.2668732375     0.0         
   62     1  H      0.2694021689     0.9515732375    -0.9044      
   62     2  H      0.2695021689     0.6412732375     0.7252      
   62     3  H      0.2694021689     2.2077732375     0.1791      
   62     4  H     -1.9148978311     0.2458732375    -0.1943      
   62     5  H     -1.9147978311     1.6090732375     0.9814      
   62     6  H     -1.9147978311     1.9456732375    -0.787       
   63     1  N     -0.1052978311     0.8445821583     0.0         
   63     1  C     -1.5808978311     0.8445821583     0.0         
   63     1  H      0.2694021689     0.5292821583    -0.9044      
   63     2  H      0.2695021689     0.2189821583     0.7252      
   63     3  H      0.2694021689     1.7854821583     0.1791      
   63     4  H     -1.9148978311    -0.1764178417    -0.1943      
   63     5  H     -1.9147978311     1.1867821583     0.9814      
   63     6  H     -1.9147978311     1.5233821583    -0.787       