              Номер итерации =  1
           Потрачено времени =  0.0020
                          χ² =  0.0481
                           Q =  0.4848
         Q - Q теоретическая = -0.0152

Вероятность появления разностортных пар
Пар  В итерации Теоретическая  Разница  
  0   0.0         0.0002441  -0.0002441
  1   0.0         0.00293    -0.00293  
  2   0.0         0.01611    -0.01611  
  3   0.0         0.05371    -0.05371  
  4   0.06061     0.1208     -0.06024  
  5   0.1212      0.1934     -0.07215  
  6   0.2424      0.2256      0.01684  
  7   0.3636      0.1934      0.1703   
  8   0.1818      0.1208      0.06097  
  9   0.0         0.05371    -0.05371  
 10   0.0         0.01611    -0.01611  
 11   0.0         0.00293    -0.00293  
 12   0.0         0.0002441  -0.0002441


Атомы суперячейки после внедрения

   id  count name position
    0     1  Cl     0.0              0.0              2.845       
    1     2  Cl     2.835            2.84             2.845       
    2     3  Cl     2.835            0.0              0.0         
    3     4  Cl     0.0              2.84             0.0         
    8     5  Cl     0.0              0.0              8.535       
    9     6  Cl     2.835            2.84             8.535       
   10     7  Cl     2.835            0.0              5.69        
   11     8  Cl     0.0              2.84             5.69        
   16     9  Cl     0.0              5.68             2.845       
   17    10  Cl     2.835            8.52             2.845       
   18    11  Cl     2.835            5.68             0.0         
   19    12  Cl     0.0              8.52             0.0         
   24    13  Cl     0.0              5.68             8.535       
   25    14  Cl     2.835            8.52             8.535       
   26    15  Cl     2.835            5.68             5.69        
   27    16  Cl     0.0              8.52             5.69        
   32    17  Cl     5.67             0.0              2.845       
   33    18  Cl     8.505            2.84             2.845       
   34    19  Cl     8.505            0.0              0.0         
   35    20  Cl     5.67             2.84             0.0         
   40    21  Cl     5.67             0.0              8.535       
   41    22  Cl     8.505            2.84             8.535       
   42    23  Cl     8.505            0.0              5.69        
   43    24  Cl     5.67             2.84             5.69        
   48    25  Cl     5.67             5.68             2.845       
   49    26  Cl     8.505            8.52             2.845       
   50    27  Cl     8.505            5.68             0.0         
   51    28  Cl     5.67             8.52             0.0         
   56    29  Cl     5.67             5.68             8.535       
   57    30  Cl     8.505            8.52             8.535       
   58    31  Cl     8.505            5.68             5.69        
   59    32  Cl     5.67             8.52             5.69        
    4     1  K1     0.0              0.0              0.0         
    5     2  K1     2.835            2.84             0.0         
    6     1  Na     2.835            0.0              2.845       
    7     2  Na     0.0              2.84             2.845       
   12     3  Na     0.0              0.0              5.69        
   13     3  K1     2.835            2.84             5.69        
   14     4  Na     2.835            0.0              8.535       
   15     5  Na     0.0              2.84             8.535       
   20     4  K1     0.0              5.68             0.0         
   21     5  K1     2.835            8.52             0.0         
   22     6  K1     2.835            5.68             2.845       
   23     7  K1     0.0              8.52             2.845       
   28     8  K1     0.0              5.68             5.69        
   29     6  Na     2.835            8.52             5.69        
   30     7  Na     2.835            5.68             8.535       
   31     8  Na     0.0              8.52             8.535       
   36     9  Na     5.67             0.0              0.0         
   37    10  Na     8.505            2.84             0.0         
   38     9  K1     8.505            0.0              2.845       
   39    11  Na     5.67             2.84             2.845       
   44    10  K1     5.67             0.0              5.69        
   45    11  K1     8.505            2.84             5.69        
   46    12  Na     8.505            0.0              8.535       
   47    12  K1     5.67             2.84             8.535       
   52    13  Na     5.67             5.68             0.0         
   53    13  K1     8.505            8.52             0.0         
   54    14  Na     8.505            5.68             2.845       
   55    14  K1     5.67             8.52             2.845       
   60    15  Na     5.67             5.68             5.69        
   61    15  K1     8.505            8.52             5.69        
   62    16  Na     8.505            5.68             8.535       
   63    16  K1     5.67             8.52             8.535       