              Номер итерации =  1
           Потрачено времени =  0.0215
                          χ² =  0.0115
                           Q =  0.0706
         Q - Q теоретическая = -0.0044

Вероятность появления разностортных пар
Пар  В итерации Теоретическая  Разница  
  0   0.5409      0.5957     -0.05486  
  1   0.3774      0.2906      0.08684  
  2   0.03502     0.06497    -0.02995  
  3   0.003891    0.008803   -0.004912 
  4   0.0         0.0008052  -0.0008052
  5   0.0         5.237e-05  -5.237e-05
  6   0.0         2.585e-06  -2.585e-06
  7   0.0         2.215e-06  -2.215e-06
  8   0.0         3.273e-05  -3.273e-05
  9   0.0         0.0003579  -0.0003579
 10   0.0         0.002641   -0.002641 
 11   0.007782    0.01181    -0.004031 
 12   0.03113     0.02422     0.006912 


Атомы суперячейки после внедрения

   1  Cl     0.0              0.0              0.5         
   2  Cl     0.5              0.5              0.5         
   3  Cl     0.5              0.0              0.0         
   4  Cl     0.0              0.5              0.0         
   5  Cl     0.0              0.0              1.5         
   6  Cl     0.5              0.5              1.5         
   7  Cl     0.5              0.0              1.0         
   8  Cl     0.0              0.5              1.0         
   9  Cl     0.0              0.0              2.5         
  10  Cl     0.5              0.5              2.5         
  11  Cl     0.5              0.0              2.0         
  12  Cl     0.0              0.5              2.0         
  13  Cl     0.0              0.0              3.5         
  14  Cl     0.5              0.5              3.5         
  15  Cl     0.5              0.0              3.0         
  16  Cl     0.0              0.5              3.0         
  17  Cl     0.0              1.0              0.5         
  18  Cl     0.5              1.5              0.5         
  19  Cl     0.5              1.0              0.0         
  20  Cl     0.0              1.5              0.0         
  21  Cl     0.0              1.0              1.5         
  22  Cl     0.5              1.5              1.5         
  23  Cl     0.5              1.0              1.0         
  24  Cl     0.0              1.5              1.0         
  25  Cl     0.0              1.0              2.5         
  26  Cl     0.5              1.5              2.5         
  27  Cl     0.5              1.0              2.0         
  28  Cl     0.0              1.5              2.0         
  29  Cl     0.0              1.0              3.5         
  30  Cl     0.5              1.5              3.5         
  31  Cl     0.5              1.0              3.0         
  32  Cl     0.0              1.5              3.0         
  33  Cl     0.0              2.0              0.5         
  34  Cl     0.5              2.5              0.5         
  35  Cl     0.5              2.0              0.0         
  36  Cl     0.0              2.5              0.0         
  37  Cl     0.0              2.0              1.5         
  38  Cl     0.5              2.5              1.5         
  39  Cl     0.5              2.0              1.0         
  40  Cl     0.0              2.5              1.0         
  41  Cl     0.0              2.0              2.5         
  42  Cl     0.5              2.5              2.5         
  43  Cl     0.5              2.0              2.0         
  44  Cl     0.0              2.5              2.0         
  45  Cl     0.0              2.0              3.5         
  46  Cl     0.5              2.5              3.5         
  47  Cl     0.5              2.0              3.0         
  48  Cl     0.0              2.5              3.0         
  49  Cl     0.0              3.0              0.5         
  50  Cl     0.5              3.5              0.5         
  51  Cl     0.5              3.0              0.0         
  52  Cl     0.0              3.5              0.0         
  53  Cl     0.0              3.0              1.5         
  54  Cl     0.5              3.5              1.5         
  55  Cl     0.5              3.0              1.0         
  56  Cl     0.0              3.5              1.0         
  57  Cl     0.0              3.0              2.5         
  58  Cl     0.5              3.5              2.5         
  59  Cl     0.5              3.0              2.0         
  60  Cl     0.0              3.5              2.0         
  61  Cl     0.0              3.0              3.5         
  62  Cl     0.5              3.5              3.5         
  63  Cl     0.5              3.0              3.0         
  64  Cl     0.0              3.5              3.0         
  65  Cl     1.0              0.0              0.5         
  66  Cl     1.5              0.5              0.5         
  67  Cl     1.5              0.0              0.0         
  68  Cl     1.0              0.5              0.0         
  69  Cl     1.0              0.0              1.5         
  70  Cl     1.5              0.5              1.5         
  71  Cl     1.5              0.0              1.0         
  72  Cl     1.0              0.5              1.0         
  73  Cl     1.0              0.0              2.5         
  74  Cl     1.5              0.5              2.5         
  75  Cl     1.5              0.0              2.0         
  76  Cl     1.0              0.5              2.0         
  77  Cl     1.0              0.0              3.5         
  78  Cl     1.5              0.5              3.5         
  79  Cl     1.5              0.0              3.0         
  80  Cl     1.0              0.5              3.0         
  81  Cl     1.0              1.0              0.5         
  82  Cl     1.5              1.5              0.5         
  83  Cl     1.5              1.0              0.0         
  84  Cl     1.0              1.5              0.0         
  85  Cl     1.0              1.0              1.5         
  86  Cl     1.5              1.5              1.5         
  87  Cl     1.5              1.0              1.0         
  88  Cl     1.0              1.5              1.0         
  89  Cl     1.0              1.0              2.5         
  90  Cl     1.5              1.5              2.5         
  91  Cl     1.5              1.0              2.0         
  92  Cl     1.0              1.5              2.0         
  93  Cl     1.0              1.0              3.5         
  94  Cl     1.5              1.5              3.5         
  95  Cl     1.5              1.0              3.0         
  96  Cl     1.0              1.5              3.0         
  97  Cl     1.0              2.0              0.5         
  98  Cl     1.5              2.5              0.5         
  99  Cl     1.5              2.0              0.0         
 100  Cl     1.0              2.5              0.0         
 101  Cl     1.0              2.0              1.5         
 102  Cl     1.5              2.5              1.5         
 103  Cl     1.5              2.0              1.0         
 104  Cl     1.0              2.5              1.0         
 105  Cl     1.0              2.0              2.5         
 106  Cl     1.5              2.5              2.5         
 107  Cl     1.5              2.0              2.0         
 108  Cl     1.0              2.5              2.0         
 109  Cl     1.0              2.0              3.5         
 110  Cl     1.5              2.5              3.5         
 111  Cl     1.5              2.0              3.0         
 112  Cl     1.0              2.5              3.0         
 113  Cl     1.0              3.0              0.5         
 114  Cl     1.5              3.5              0.5         
 115  Cl     1.5              3.0              0.0         
 116  Cl     1.0              3.5              0.0         
 117  Cl     1.0              3.0              1.5         
 118  Cl     1.5              3.5              1.5         
 119  Cl     1.5              3.0              1.0         
 120  Cl     1.0              3.5              1.0         
 121  Cl     1.0              3.0              2.5         
 122  Cl     1.5              3.5              2.5         
 123  Cl     1.5              3.0              2.0         
 124  Cl     1.0              3.5              2.0         
 125  Cl     1.0              3.0              3.5         
 126  Cl     1.5              3.5              3.5         
 127  Cl     1.5              3.0              3.0         
 128  Cl     1.0              3.5              3.0         
 129  Cl     2.0              0.0              0.5         
 130  Cl     2.5              0.5              0.5         
 131  Cl     2.5              0.0              0.0         
 132  Cl     2.0              0.5              0.0         
 133  Cl     2.0              0.0              1.5         
 134  Cl     2.5              0.5              1.5         
 135  Cl     2.5              0.0              1.0         
 136  Cl     2.0              0.5              1.0         
 137  Cl     2.0              0.0              2.5         
 138  Cl     2.5              0.5              2.5         
 139  Cl     2.5              0.0              2.0         
 140  Cl     2.0              0.5              2.0         
 141  Cl     2.0              0.0              3.5         
 142  Cl     2.5              0.5              3.5         
 143  Cl     2.5              0.0              3.0         
 144  Cl     2.0              0.5              3.0         
 145  Cl     2.0              1.0              0.5         
 146  Cl     2.5              1.5              0.5         
 147  Cl     2.5              1.0              0.0         
 148  Cl     2.0              1.5              0.0         
 149  Cl     2.0              1.0              1.5         
 150  Cl     2.5              1.5              1.5         
 151  Cl     2.5              1.0              1.0         
 152  Cl     2.0              1.5              1.0         
 153  Cl     2.0              1.0              2.5         
 154  Cl     2.5              1.5              2.5         
 155  Cl     2.5              1.0              2.0         
 156  Cl     2.0              1.5              2.0         
 157  Cl     2.0              1.0              3.5         
 158  Cl     2.5              1.5              3.5         
 159  Cl     2.5              1.0              3.0         
 160  Cl     2.0              1.5              3.0         
 161  Cl     2.0              2.0              0.5         
 162  Cl     2.5              2.5              0.5         
 163  Cl     2.5              2.0              0.0         
 164  Cl     2.0              2.5              0.0         
 165  Cl     2.0              2.0              1.5         
 166  Cl     2.5              2.5              1.5         
 167  Cl     2.5              2.0              1.0         
 168  Cl     2.0              2.5              1.0         
 169  Cl     2.0              2.0              2.5         
 170  Cl     2.5              2.5              2.5         
 171  Cl     2.5              2.0              2.0         
 172  Cl     2.0              2.5              2.0         
 173  Cl     2.0              2.0              3.5         
 174  Cl     2.5              2.5              3.5         
 175  Cl     2.5              2.0              3.0         
 176  Cl     2.0              2.5              3.0         
 177  Cl     2.0              3.0              0.5         
 178  Cl     2.5              3.5              0.5         
 179  Cl     2.5              3.0              0.0         
 180  Cl     2.0              3.5              0.0         
 181  Cl     2.0              3.0              1.5         
 182  Cl     2.5              3.5              1.5         
 183  Cl     2.5              3.0              1.0         
 184  Cl     2.0              3.5              1.0         
 185  Cl     2.0              3.0              2.5         
 186  Cl     2.5              3.5              2.5         
 187  Cl     2.5              3.0              2.0         
 188  Cl     2.0              3.5              2.0         
 189  Cl     2.0              3.0              3.5         
 190  Cl     2.5              3.5              3.5         
 191  Cl     2.5              3.0              3.0         
 192  Cl     2.0              3.5              3.0         
 193  Cl     3.0              0.0              0.5         
 194  Cl     3.5              0.5              0.5         
 195  Cl     3.5              0.0              0.0         
 196  Cl     3.0              0.5              0.0         
 197  Cl     3.0              0.0              1.5         
 198  Cl     3.5              0.5              1.5         
 199  Cl     3.5              0.0              1.0         
 200  Cl     3.0              0.5              1.0         
 201  Cl     3.0              0.0              2.5         
 202  Cl     3.5              0.5              2.5         
 203  Cl     3.5              0.0              2.0         
 204  Cl     3.0              0.5              2.0         
 205  Cl     3.0              0.0              3.5         
 206  Cl     3.5              0.5              3.5         
 207  Cl     3.5              0.0              3.0         
 208  Cl     3.0              0.5              3.0         
 209  Cl     3.0              1.0              0.5         
 210  Cl     3.5              1.5              0.5         
 211  Cl     3.5              1.0              0.0         
 212  Cl     3.0              1.5              0.0         
 213  Cl     3.0              1.0              1.5         
 214  Cl     3.5              1.5              1.5         
 215  Cl     3.5              1.0              1.0         
 216  Cl     3.0              1.5              1.0         
 217  Cl     3.0              1.0              2.5         
 218  Cl     3.5              1.5              2.5         
 219  Cl     3.5              1.0              2.0         
 220  Cl     3.0              1.5              2.0         
 221  Cl     3.0              1.0              3.5         
 222  Cl     3.5              1.5              3.5         
 223  Cl     3.5              1.0              3.0         
 224  Cl     3.0              1.5              3.0         
 225  Cl     3.0              2.0              0.5         
 226  Cl     3.5              2.5              0.5         
 227  Cl     3.5              2.0              0.0         
 228  Cl     3.0              2.5              0.0         
 229  Cl     3.0              2.0              1.5         
 230  Cl     3.5              2.5              1.5         
 231  Cl     3.5              2.0              1.0         
 232  Cl     3.0              2.5              1.0         
 233  Cl     3.0              2.0              2.5         
 234  Cl     3.5              2.5              2.5         
 235  Cl     3.5              2.0              2.0         
 236  Cl     3.0              2.5              2.0         
 237  Cl     3.0              2.0              3.5         
 238  Cl     3.5              2.5              3.5         
 239  Cl     3.5              2.0              3.0         
 240  Cl     3.0              2.5              3.0         
 241  Cl     3.0              3.0              0.5         
 242  Cl     3.5              3.5              0.5         
 243  Cl     3.5              3.0              0.0         
 244  Cl     3.0              3.5              0.0         
 245  Cl     3.0              3.0              1.5         
 246  Cl     3.5              3.5              1.5         
 247  Cl     3.5              3.0              1.0         
 248  Cl     3.0              3.5              1.0         
 249  Cl     3.0              3.0              2.5         
 250  Cl     3.5              3.5              2.5         
 251  Cl     3.5              3.0              2.0         
 252  Cl     3.0              3.5              2.0         
 253  Cl     3.0              3.0              3.5         
 254  Cl     3.5              3.5              3.5         
 255  Cl     3.5              3.0              3.0         
 256  Cl     3.0              3.5              3.0         
   1  Na     0.0              0.0              0.0         
   2  Na     0.5              0.5              0.0         
   3  K1     0.5              0.0              0.5         
   4  K1     0.0              0.5              0.5         
   5  K1     0.0              0.0              1.0         
   6  Na     0.5              0.5              1.0         
   7  Na     0.5              0.0              1.5         
   8  Na     0.0              0.5              1.5         
   9  K1     0.0              0.0              2.0         
  10  Na     0.5              0.5              2.0         
  11  Na     0.5              0.0              2.5         
  12  K1     0.0              0.5              2.5         
  13  K1     0.0              0.0              3.0         
  14  K1     0.5              0.5              3.0         
  15  Na     0.5              0.0              3.5         
  16  Na     0.0              0.5              3.5         
  17  Na     0.0              1.0              0.0         
  18  Na     0.5              1.5              0.0         
  19  Na     0.5              1.0              0.5         
  20  K1     0.0              1.5              0.5         
  21  Na     0.0              1.0              1.0         
  22  Na     0.5              1.5              1.0         
  23  Na     0.5              1.0              1.5         
  24  Na     0.0              1.5              1.5         
  25  K1     0.0              1.0              2.0         
  26  Na     0.5              1.5              2.0         
  27  K1     0.5              1.0              2.5         
  28  Na     0.0              1.5              2.5         
  29  Na     0.0              1.0              3.0         
  30  Na     0.5              1.5              3.0         
  31  K1     0.5              1.0              3.5         
  32  K1     0.0              1.5              3.5         
  33  K1     0.0              2.0              0.0         
  34  K1     0.5              2.5              0.0         
  35  K1     0.5              2.0              0.5         
  36  K1     0.0              2.5              0.5         
   1  N      0.7378           2.0              1.0         
   1  C     -0.7378           2.0              1.0         
   1  H      1.1125           1.6847           0.0956      
   2  H      1.1126           1.3744           1.7252      
   3  H      1.1125           2.9409           1.1791      
   4  H     -1.0718           0.979            0.8057      
   5  H     -1.0717           2.3422           1.9814      
   6  H     -1.0717           2.6788           0.213       
  37  Na     0.5              2.5              1.0         
  38  Na     0.5              2.0              1.5         
  39  K1     0.0              2.5              1.5         
  40  Na     0.0              2.0              2.0         
  41  K1     0.5              2.5              2.0         
  42  Na     0.5              2.0              2.5         
  43  K1     0.0              2.5              2.5         
  44  Na     0.0              2.0              3.0         
  45  Na     0.5              2.5              3.0         
  46  Na     0.5              2.0              3.5         
  47  K1     0.0              2.5              3.5         
  48  K1     0.0              3.0              0.0         
  49  Na     0.5              3.5              0.0         
  50  K1     0.5              3.0              0.5         
  51  Na     0.0              3.5              0.5         
  52  K1     0.0              3.0              1.0         
  53  K1     0.5              3.5              1.0         
  54  Na     0.5              3.0              1.5         
  55  K1     0.0              3.5              1.5         
  56  Na     0.0              3.0              2.0         
  57  Na     0.5              3.5              2.0         
  58  Na     0.5              3.0              2.5         
  59  K1     0.0              3.5              2.5         
  60  K1     0.0              3.0              3.0         
  61  K1     0.5              3.5              3.0         
   1  N      1.2378           3.0              3.5         
   1  C     -0.2378           3.0              3.5         
   1  H      1.6125           2.6847           2.5956      
   2  H      1.6126           2.3744           4.2252      
   3  H      1.6125           3.9409           3.6791      
   4  H     -0.5718           1.979            3.3057      
   5  H     -0.5717           3.3422           4.4814      
   6  H     -0.5717           3.6788           2.713       
  62  Na     0.0              3.5              3.5         
  63  K1     1.0              0.0              0.0         
  64  Na     1.5              0.5              0.0         
  65  K1     1.5              0.0              0.5         
  66  Na     1.0              0.5              0.5         
  67  Na     1.0              0.0              1.0         
  68  K1     1.5              0.5              1.0         
  69  Na     1.5              0.0              1.5         
  70  Na     1.0              0.5              1.5         
  71  K1     1.0              0.0              2.0         
  72  Na     1.5              0.5              2.0         
  73  Na     1.5              0.0              2.5         
  74  Na     1.0              0.5              2.5         
  75  Na     1.0              0.0              3.0         
  76  Na     1.5              0.5              3.0         
  77  Na     1.5              0.0              3.5         
  78  Na     1.0              0.5              3.5         
  79  K1     1.0              1.0              0.0         
  80  K1     1.5              1.5              0.0         
  81  K1     1.5              1.0              0.5         
  82  K1     1.0              1.5              0.5         
  83  Na     1.0              1.0              1.0         
  84  K1     1.5              1.5              1.0         
  85  K1     1.5              1.0              1.5         
  86  K1     1.0              1.5              1.5         
  87  Na     1.0              1.0              2.0         
  88  K1     1.5              1.5              2.0         
  89  Na     1.5              1.0              2.5         
  90  Na     1.0              1.5              2.5         
  91  Na     1.0              1.0              3.0         
  92  K1     1.5              1.5              3.0         
  93  K1     1.5              1.0              3.5         
  94  Na     1.0              1.5              3.5         
  95  K1     1.0              2.0              0.0         
  96  Na     1.5              2.5              0.0         
  97  K1     1.5              2.0              0.5         
  98  Na     1.0              2.5              0.5         
  99  K1     1.0              2.0              1.0         
 100  Na     1.5              2.5              1.0         
 101  Na     1.5              2.0              1.5         
 102  Na     1.0              2.5              1.5         
 103  Na     1.0              2.0              2.0         
 104  Na     1.5              2.5              2.0         
   1  N      2.2378           2.0              2.5         
   1  C      0.7622           2.0              2.5         
   1  H      2.6125           1.6847           1.5956      
   2  H      2.6126           1.3744           3.2252      
   3  H      2.6125           2.9409           2.6791      
   4  H      0.4282           0.979            2.3057      
   5  H      0.4283           2.3422           3.4814      
   6  H      0.4283           2.6788           1.713       
 105  Na     1.0              2.5              2.5         
 106  K1     1.0              2.0              3.0         
 107  K1     1.5              2.5              3.0         
 108  Na     1.5              2.0              3.5         
 109  Na     1.0              2.5              3.5         
 110  Na     1.0              3.0              0.0         
 111  K1     1.5              3.5              0.0         
 112  Na     1.5              3.0              0.5         
 113  K1     1.0              3.5              0.5         
 114  K1     1.0              3.0              1.0         
 115  Na     1.5              3.5              1.0         
 116  Na     1.5              3.0              1.5         
   1  N      1.7378           3.5              1.5         
   1  C      0.2622           3.5              1.5         
   1  H      2.1125           3.1847           0.5956      
   2  H      2.1126           2.8744           2.2252      
   3  H      2.1125           4.4409           1.6791      
   4  H     -0.0718           2.479            1.3057      
   5  H     -0.0717           3.8422           2.4814      
   6  H     -0.0717           4.1788           0.713       
 117  Na     1.0              3.0              2.0         
 118  Na     1.5              3.5              2.0         
 119  K1     1.5              3.0              2.5         
 120  K1     1.0              3.5              2.5         
 121  Na     1.0              3.0              3.0         
 122  K1     1.5              3.5              3.0         
 123  K1     1.5              3.0              3.5         
 124  K1     1.0              3.5              3.5         
 125  Na     2.0              0.0              0.0         
 126  Na     2.5              0.5              0.0         
   1  N      3.2378           0.0              0.5         
   1  C      1.7622           0.0              0.5         
   1  H      3.6125          -0.3153          -0.4044      
   2  H      3.6126          -0.6256           1.2252      
   3  H      3.6125           0.9409           0.6791      
   4  H      1.4282          -1.021            0.3057      
   5  H      1.4283           0.3422           1.4814      
   6  H      1.4283           0.6788          -0.287       
 127  Na     2.0              0.5              0.5         
 128  Na     2.0              0.0              1.0         
 129  Na     2.5              0.5              1.0         
 130  K1     2.5              0.0              1.5         
 131  Na     2.0              0.5              1.5         
   1  N      2.7378           0.0              2.0         
   1  C      1.2622           0.0              2.0         
   1  H      3.1125          -0.3153           1.0956      
   2  H      3.1126          -0.6256           2.7252      
   3  H      3.1125           0.9409           2.1791      
   4  H      0.9282          -1.021            1.8057      
   5  H      0.9283           0.3422           2.9814      
   6  H      0.9283           0.6788           1.213       
 132  K1     2.5              0.5              2.0         
 133  K1     2.5              0.0              2.5         
 134  K1     2.0              0.5              2.5         
 135  Na     2.0              0.0              3.0         
 136  Na     2.5              0.5              3.0         
 137  Na     2.5              0.0              3.5         
 138  Na     2.0              0.5              3.5         
 139  Na     2.0              1.0              0.0         
 140  Na     2.5              1.5              0.0         
 141  Na     2.5              1.0              0.5         
 142  Na     2.0              1.5              0.5         
 143  Na     2.0              1.0              1.0         
 144  Na     2.5              1.5              1.0         
 145  Na     2.5              1.0              1.5         
 146  Na     2.0              1.5              1.5         
 147  Na     2.0              1.0              2.0         
 148  K1     2.5              1.5              2.0         
 149  K1     2.5              1.0              2.5         
 150  Na     2.0              1.5              2.5         
 151  Na     2.0              1.0              3.0         
   1  N      3.2378           1.5              3.0         
   1  C      1.7622           1.5              3.0         
   1  H      3.6125           1.1847           2.0956      
   2  H      3.6126           0.8744           3.7252      
   3  H      3.6125           2.4409           3.1791      
   4  H      1.4282           0.479            2.8057      
   5  H      1.4283           1.8422           3.9814      
   6  H      1.4283           2.1788           2.213       
 152  Na     2.5              1.0              3.5         
 153  Na     2.0              1.5              3.5         
 154  K1     2.0              2.0              0.0         
 155  Na     2.5              2.5              0.0         
 156  Na     2.5              2.0              0.5         
 157  Na     2.0              2.5              0.5         
 158  Na     2.0              2.0              1.0         
 159  K1     2.5              2.5              1.0         
 160  K1     2.5              2.0              1.5         
 161  Na     2.0              2.5              1.5         
 162  Na     2.0              2.0              2.0         
 163  K1     2.5              2.5              2.0         
 164  Na     2.5              2.0              2.5         
 165  Na     2.0              2.5              2.5         
 166  K1     2.0              2.0              3.0         
 167  K1     2.5              2.5              3.0         
 168  Na     2.5              2.0              3.5         
 169  K1     2.0              2.5              3.5         
 170  Na     2.0              3.0              0.0         
 171  Na     2.5              3.5              0.0         
 172  Na     2.5              3.0              0.5         
 173  Na     2.0              3.5              0.5         
 174  Na     2.0              3.0              1.0         
 175  K1     2.5              3.5              1.0         
 176  Na     2.5              3.0              1.5         
 177  K1     2.0              3.5              1.5         
 178  K1     2.0              3.0              2.0         
 179  Na     2.5              3.5              2.0         
 180  K1     2.5              3.0              2.5         
 181  Na     2.0              3.5              2.5         
 182  K1     2.0              3.0              3.0         
 183  Na     2.5              3.5              3.0         
 184  K1     2.5              3.0              3.5         
 185  K1     2.0              3.5              3.5         
 186  K1     3.0              0.0              0.0         
 187  Na     3.5              0.5              0.0         
 188  Na     3.5              0.0              0.5         
   1  N      3.7378           0.5              0.5         
   1  C      2.2622           0.5              0.5         
   1  H      4.1125           0.1847          -0.4044      
   2  H      4.1126          -0.1256           1.2252      
   3  H      4.1125           1.4409           0.6791      
   4  H      1.9282          -0.521            0.3057      
   5  H      1.9283           0.8422           1.4814      
   6  H      1.9283           1.1788          -0.287       
 189  Na     3.0              0.0              1.0         
 190  Na     3.5              0.5              1.0         
   1  N      4.2378           0.0              1.5         
   1  C      2.7622           0.0              1.5         
   1  H      4.6125          -0.3153           0.5956      
   2  H      4.6126          -0.6256           2.2252      
   3  H      4.6125           0.9409           1.6791      
   4  H      2.4282          -1.021            1.3057      
   5  H      2.4283           0.3422           2.4814      
   6  H      2.4283           0.6788           0.713       
 191  K1     3.0              0.5              1.5         
 192  K1     3.0              0.0              2.0         
 193  Na     3.5              0.5              2.0         
 194  K1     3.5              0.0              2.5         
 195  Na     3.0              0.5              2.5         
   1  N      3.7378           0.0              3.0         
   1  C      2.2622           0.0              3.0         
   1  H      4.1125          -0.3153           2.0956      
   2  H      4.1126          -0.6256           3.7252      
   3  H      4.1125           0.9409           3.1791      
   4  H      1.9282          -1.021            2.8057      
   5  H      1.9283           0.3422           3.9814      
   6  H      1.9283           0.6788           2.213       
 196  K1     3.5              0.5              3.0         
 197  K1     3.5              0.0              3.5         
 198  Na     3.0              0.5              3.5         
 199  K1     3.0              1.0              0.0         
 200  Na     3.5              1.5              0.0         
 201  K1     3.5              1.0              0.5         
 202  Na     3.0              1.5              0.5         
 203  Na     3.0              1.0              1.0         
 204  Na     3.5              1.5              1.0         
 205  K1     3.5              1.0              1.5         
 206  Na     3.0              1.5              1.5         
 207  Na     3.0              1.0              2.0         
 208  Na     3.5              1.5              2.0         
 209  K1     3.5              1.0              2.5         
 210  Na     3.0              1.5              2.5         
 211  Na     3.0              1.0              3.0         
 212  Na     3.5              1.5              3.0         
 213  K1     3.5              1.0              3.5         
 214  Na     3.0              1.5              3.5         
 215  Na     3.0              2.0              0.0         
 216  Na     3.5              2.5              0.0         
 217  K1     3.5              2.0              0.5         
 218  Na     3.0              2.5              0.5         
 219  Na     3.0              2.0              1.0         
 220  Na     3.5              2.5              1.0         
 221  K1     3.5              2.0              1.5         
 222  Na     3.0              2.5              1.5         
 223  Na     3.0              2.0              2.0         
 224  K1     3.5              2.5              2.0         
 225  K1     3.5              2.0              2.5         
 226  Na     3.0              2.5              2.5         
 227  Na     3.0              2.0              3.0         
 228  K1     3.5              2.5              3.0         
 229  Na     3.5              2.0              3.5         
 230  K1     3.0              2.5              3.5         
 231  Na     3.0              3.0              0.0         
 232  Na     3.5              3.5              0.0         
 233  Na     3.5              3.0              0.5         
 234  Na     3.0              3.5              0.5         
 235  Na     3.0              3.0              1.0         
 236  Na     3.5              3.5              1.0         
 237  Na     3.5              3.0              1.5         
 238  Na     3.0              3.5              1.5         
 239  K1     3.0              3.0              2.0         
 240  Na     3.5              3.5              2.0         
 241  Na     3.5              3.0              2.5         
 242  K1     3.0              3.5              2.5         
 243  Na     3.0              3.0              3.0         
 244  K1     3.5              3.5              3.0         
 245  K1     3.5              3.0              3.5         
 246  Na     3.0              3.5              3.5         