  Время начала         = 1528296402.7843242
  Лимит по времени     =          0
  Время окончания      = 1528296402.7843242
  Всего потрачено      =        0.0

Координаты исходных атомов в долях длин сторон заданной ячейки (a, b, c):

   1  Fe1     0.00000     0.00000     0.00000
   2  Fe1     0.00000     0.50000     0.50000
   3  Fe1     0.50000     0.00000     0.50000
   4  Fe1     0.50000     0.50000     1.00000
   5  Fe1     0.50000     0.50000     0.50000
   6  Fe1     0.50000     0.00000     1.00000
   7  Fe1     0.00000     0.00000     0.50000
   8  Fe1     0.00000     0.50000     1.00000
   9  Fe1     0.25000     0.25000     0.25000
  10  Fe1     0.25000     0.75000     0.75000
  11  Fe1     0.75000     0.25000     0.75000
  12  Fe1     0.75000     0.75000     0.25000
  13  Fe1     0.75000     0.75000     0.75000
  14  Fe1     0.75000     0.25000     0.25000
  15  Fe1     0.25000     0.75000     0.25000
  16  Fe1     0.25000     0.25000     0.75000
   1  Fe2     0.00000     0.00000     0.00000
   2  Fe2     0.50000     0.00000     0.50000
   3  Fe2     0.50000     0.50000     1.00000
   4  Fe2     0.00000     0.50000     0.50000
   5  Fe2     0.50000     0.50000     0.50000
   6  Fe2     0.50000     0.00000     1.00000
   7  Fe2     0.00000     0.00000     0.50000
   8  Fe2     0.00000     0.50000     1.00000
   9  Fe2     0.25000     0.25000     0.25000
  10  Fe2     0.25000     0.75000     0.75000
  11  Fe2     0.75000     0.25000     0.75000
  12  Fe2     0.75000     0.75000     0.25000
  13  Fe2     0.75000     0.75000     0.75000
  14  Fe2     0.75000     0.25000     0.25000
  15  Fe2     0.25000     0.75000     0.25000
  16  Fe2     0.25000     0.25000     0.75000
  17  Fe2     0.00000     0.25000     0.12500
  18  Fe2     0.12500     1.00000     0.25000
  19  Fe2     0.25000     0.12500     1.00000
  20  Fe2     0.37500     0.00000     0.75000
  21  Fe2     0.75000     0.37500     1.00000
  22  Fe2     1.00000     0.75000     0.37500
  23  Fe2     0.62500     0.00000     0.25000
  24  Fe2     0.25000     0.62500     1.00000
  25  Fe2     0.00000     0.25000     0.62500
  26  Fe2     0.87500     0.00000     0.75000
  27  Fe2     0.75000     0.87500     1.00000
  28  Fe2     0.00000     0.75000     0.87500
  29  Fe2     0.50000     0.75000     0.62500
  30  Fe2     0.62500     0.50000     0.75000
  31  Fe2     0.75000     0.62500     0.50000
  32  Fe2     0.87500     0.50000     0.25000
  33  Fe2     0.25000     0.87500     0.50000
  34  Fe2     0.50000     0.25000     0.87500
  35  Fe2     0.12500     0.50000     0.75000
  36  Fe2     0.75000     0.12500     0.50000
  37  Fe2     0.50000     0.75000     0.12500
  38  Fe2     0.37500     0.50000     0.25000
  39  Fe2     0.25000     0.37500     0.50000
  40  Fe2     0.50000     0.25000     0.37500
   1  O       0.90792     0.20015     0.78915
   2  O       0.78915     0.90792     0.20015
   3  O       0.20015     0.78915     0.90792
   4  O       0.09208     0.79985     0.21085
   5  O       0.21085     0.09208     0.79985
   6  O       0.79985     0.21085     0.09208
   7  O       0.20015     0.28915     0.09208
   8  O       0.54985     0.15792     0.53915
   9  O       0.65792     0.53915     0.95015
  10  O       0.34208     0.96085     0.95015
  11  O       0.34208     0.46085     0.04985
  12  O       0.84208     0.03915     0.95015
  13  O       0.70015     0.28915     0.40792
  14  O       0.15792     0.53915     0.54985
  15  O       0.40792     0.29985     0.21085
  16  O       0.28915     0.59208     0.79985
  17  O       0.70015     0.71085     0.09208
  18  O       0.59208     0.70015     0.78915
  19  O       0.71085     0.40792     0.20015
  20  O       0.29985     0.28915     0.90792
  21  O       0.45015     0.15792     0.03915
  22  O       0.03915     0.45015     0.15792
  23  O       0.95015     0.34208     0.96085
  24  O       0.53915     0.04985     0.84208
  25  O       0.54985     0.65792     0.46085
  26  O       0.96085     0.95015     0.34208
  27  O       0.04985     0.84208     0.53915
  28  O       0.46085     0.54985     0.65792
  29  O       0.04985     0.34208     0.46085
  30  O       0.46085     0.04985     0.34208
  31  O       0.34208     0.03915     0.54985
  32  O       0.96085     0.45015     0.65792
  33  O       0.95015     0.84208     0.03915
  34  O       0.53915     0.54985     0.15792
  35  O       0.45015     0.65792     0.96085
  36  O       0.03915     0.95015     0.84208
  37  O       0.09208     0.70015     0.71085
  38  O       0.21085     0.40792     0.29985
  39  O       0.79985     0.28915     0.59208
  40  O       0.90792     0.29985     0.28915
  41  O       0.78915     0.59208     0.70015
  42  O       0.20015     0.71085     0.40792
  43  O       0.59208     0.79985     0.28915
  44  O       0.71085     0.09208     0.70015
  45  O       0.29985     0.21085     0.40792
  46  O       0.40792     0.20015     0.71085
  47  O       0.28915     0.90792     0.29985
  48  O       0.70015     0.78915     0.59208
  49  O       0.40792     0.70015     0.28915
  50  O       0.28915     0.40792     0.70015
  51  O       0.65792     0.46085     0.54985
  52  O       0.59208     0.29985     0.71085
  53  O       0.71085     0.59208     0.29985
  54  O       0.29985     0.71085     0.59208
  55  O       0.65792     0.96085     0.45015
  56  O       0.04985     0.65792     0.03915
  57  O       0.15792     0.03915     0.45015
  58  O       0.84208     0.46085     0.45015
  59  O       0.84208     0.96085     0.54985
  60  O       0.34208     0.53915     0.45015
  61  O       0.15792     0.46085     0.95015
  62  O       0.65792     0.03915     0.04985
  63  O       0.90792     0.79985     0.71085
  64  O       0.78915     0.09208     0.29985
  65  O       0.20015     0.21085     0.59208
  66  O       0.09208     0.20015     0.28915
  67  O       0.21085     0.90792     0.70015
  68  O       0.79985     0.78915     0.40792
  69  O       0.95015     0.65792     0.53915
  70  O       0.53915     0.95015     0.65792
  71  O       0.45015     0.84208     0.46085
  72  O       0.03915     0.54985     0.34208
  73  O       0.04985     0.15792     0.96085
  74  O       0.46085     0.45015     0.84208
  75  O       0.54985     0.34208     0.03915
  76  O       0.96085     0.04985     0.15792
  77  O       0.54985     0.84208     0.96085
  78  O       0.96085     0.54985     0.84208
  79  O       0.84208     0.53915     0.04985
  80  O       0.46085     0.95015     0.15792
  81  O       0.45015     0.34208     0.53915
  82  O       0.03915     0.04985     0.65792
  83  O       0.95015     0.15792     0.46085
  84  O       0.53915     0.45015     0.34208
  85  O       0.59208     0.20015     0.21085
  86  O       0.71085     0.90792     0.79985
  87  O       0.29985     0.78915     0.09208
  88  O       0.40792     0.79985     0.78915
  89  O       0.28915     0.09208     0.20015
  90  O       0.70015     0.21085     0.90792
  91  O       0.09208     0.29985     0.78915
  92  O       0.21085     0.59208     0.20015
  93  O       0.79985     0.71085     0.90792
  94  O       0.90792     0.70015     0.21085
  95  O       0.78915     0.40792     0.79985
  96  O       0.15792     0.96085     0.04985
   1  Si      0.37500     0.00000     0.25000
   2  Si      0.25000     0.37500     1.00000
   3  Si      0.00000     0.25000     0.37500
   4  Si      0.12500     0.00000     0.75000
   5  Si      0.75000     0.12500     1.00000
   6  Si      1.00000     0.75000     0.12500
   7  Si      0.87500     0.00000     0.25000
   8  Si      0.25000     0.87500     0.00000
   9  Si      0.00000     0.25000     0.87500
  10  Si      0.62500     0.00000     0.75000
  11  Si      0.75000     0.62500     1.00000
  12  Si      0.00000     0.75000     0.62500
  13  Si      0.87500     0.50000     0.75000
  14  Si      0.75000     0.87500     0.50000
  15  Si      0.50000     0.75000     0.87500
  16  Si      0.62500     0.50000     0.25000
  17  Si      0.25000     0.62500     0.50000
  18  Si      0.50000     0.25000     0.62500
  19  Si      0.37500     0.50000     0.75000
  20  Si      0.75000     0.37500     0.50000
  21  Si      0.50000     0.75000     0.37500
  22  Si      0.12500     0.50000     0.25000
  23  Si      0.25000     0.12500     0.50000
  24  Si      0.50000     0.25000     0.12500
  25  Si      0.00000     0.00000     0.00000
  26  Si      0.50000     0.00000     0.50000
  27  Si      0.50000     0.50000     1.00000
  28  Si      0.00000     0.50000     0.50000
  29  Si      0.50000     0.50000     0.50000
  30  Si      0.50000     0.00000     1.00000
  31  Si      0.00000     0.00000     0.50000
  32  Si      0.00000     0.50000     1.00000
  33  Si      0.25000     0.25000     0.25000
  34  Si      0.25000     0.75000     0.75000
  35  Si      0.75000     0.25000     0.75000
  36  Si      0.75000     0.75000     0.25000
  37  Si      0.75000     0.75000     0.75000
  38  Si      0.75000     0.25000     0.25000
  39  Si      0.25000     0.75000     0.25000
  40  Si      0.25000     0.25000     0.75000


трансляции по (X, Y, Z): [2, 2, 2]
Длины сторон ячейки в ангстремах (a, b, c): [11.7206, 11.7206, 11.7206]
Углы (alpha, beta, gamma): [90.0, 90.0, 90.0]

Коэффициент умножения: 8	Количество атомов: Si: 320 Fe1: 128 O: 768 Fe2: 320

Координаты размноженных атомов в трансляциях маленькой ячейки (векторов a,b,c) :

   1  Fe1     0.00000     0.00000     0.00000
   2  Fe1     0.00000     0.50000     0.50000
   3  Fe1     0.50000     0.00000     0.50000
   4  Fe1     0.50000     0.50000     1.00000
   5  Fe1     0.50000     0.50000     0.50000
   6  Fe1     0.50000     0.00000     1.00000
   7  Fe1     0.00000     0.00000     0.50000
   8  Fe1     0.00000     0.50000     1.00000
   9  Fe1     0.25000     0.25000     0.25000
  10  Fe1     0.25000     0.75000     0.75000
  11  Fe1     0.75000     0.25000     0.75000
  12  Fe1     0.75000     0.75000     0.25000
  13  Fe1     0.75000     0.75000     0.75000
  14  Fe1     0.75000     0.25000     0.25000
  15  Fe1     0.25000     0.75000     0.25000
  16  Fe1     0.25000     0.25000     0.75000
  17  Fe1     0.00000     0.00000     1.00000
  18  Fe1     0.00000     0.50000     1.50000
  19  Fe1     0.50000     0.00000     1.50000
  20  Fe1     0.50000     0.50000     2.00000
  21  Fe1     0.50000     0.50000     1.50000
  22  Fe1     0.50000     0.00000     2.00000
  23  Fe1     0.00000     0.00000     1.50000
  24  Fe1     0.00000     0.50000     2.00000
  25  Fe1     0.25000     0.25000     1.25000
  26  Fe1     0.25000     0.75000     1.75000
  27  Fe1     0.75000     0.25000     1.75000
  28  Fe1     0.75000     0.75000     1.25000
  29  Fe1     0.75000     0.75000     1.75000
  30  Fe1     0.75000     0.25000     1.25000
  31  Fe1     0.25000     0.75000     1.25000
  32  Fe1     0.25000     0.25000     1.75000
  33  Fe1     0.00000     1.00000     0.00000
  34  Fe1     0.00000     1.50000     0.50000
  35  Fe1     0.50000     1.00000     0.50000
  36  Fe1     0.50000     1.50000     1.00000
  37  Fe1     0.50000     1.50000     0.50000
  38  Fe1     0.50000     1.00000     1.00000
  39  Fe1     0.00000     1.00000     0.50000
  40  Fe1     0.00000     1.50000     1.00000
  41  Fe1     0.25000     1.25000     0.25000
  42  Fe1     0.25000     1.75000     0.75000
  43  Fe1     0.75000     1.25000     0.75000
  44  Fe1     0.75000     1.75000     0.25000
  45  Fe1     0.75000     1.75000     0.75000
  46  Fe1     0.75000     1.25000     0.25000
  47  Fe1     0.25000     1.75000     0.25000
  48  Fe1     0.25000     1.25000     0.75000
  49  Fe1     0.00000     1.00000     1.00000
  50  Fe1     0.00000     1.50000     1.50000
  51  Fe1     0.50000     1.00000     1.50000
  52  Fe1     0.50000     1.50000     2.00000
  53  Fe1     0.50000     1.50000     1.50000
  54  Fe1     0.50000     1.00000     2.00000
  55  Fe1     0.00000     1.00000     1.50000
  56  Fe1     0.00000     1.50000     2.00000
  57  Fe1     0.25000     1.25000     1.25000
  58  Fe1     0.25000     1.75000     1.75000
  59  Fe1     0.75000     1.25000     1.75000
  60  Fe1     0.75000     1.75000     1.25000
  61  Fe1     0.75000     1.75000     1.75000
  62  Fe1     0.75000     1.25000     1.25000
  63  Fe1     0.25000     1.75000     1.25000
  64  Fe1     0.25000     1.25000     1.75000
  65  Fe1     1.00000     0.00000     0.00000
  66  Fe1     1.00000     0.50000     0.50000
  67  Fe1     1.50000     0.00000     0.50000
  68  Fe1     1.50000     0.50000     1.00000
  69  Fe1     1.50000     0.50000     0.50000
  70  Fe1     1.50000     0.00000     1.00000
  71  Fe1     1.00000     0.00000     0.50000
  72  Fe1     1.00000     0.50000     1.00000
  73  Fe1     1.25000     0.25000     0.25000
  74  Fe1     1.25000     0.75000     0.75000
  75  Fe1     1.75000     0.25000     0.75000
  76  Fe1     1.75000     0.75000     0.25000
  77  Fe1     1.75000     0.75000     0.75000
  78  Fe1     1.75000     0.25000     0.25000
  79  Fe1     1.25000     0.75000     0.25000
  80  Fe1     1.25000     0.25000     0.75000
  81  Fe1     1.00000     0.00000     1.00000
  82  Fe1     1.00000     0.50000     1.50000
  83  Fe1     1.50000     0.00000     1.50000
  84  Fe1     1.50000     0.50000     2.00000
  85  Fe1     1.50000     0.50000     1.50000
  86  Fe1     1.50000     0.00000     2.00000
  87  Fe1     1.00000     0.00000     1.50000
  88  Fe1     1.00000     0.50000     2.00000
  89  Fe1     1.25000     0.25000     1.25000
  90  Fe1     1.25000     0.75000     1.75000
  91  Fe1     1.75000     0.25000     1.75000
  92  Fe1     1.75000     0.75000     1.25000
  93  Fe1     1.75000     0.75000     1.75000
  94  Fe1     1.75000     0.25000     1.25000
  95  Fe1     1.25000     0.75000     1.25000
  96  Fe1     1.25000     0.25000     1.75000
  97  Fe1     1.00000     1.00000     0.00000
  98  Fe1     1.00000     1.50000     0.50000
  99  Fe1     1.50000     1.00000     0.50000
 100  Fe1     1.50000     1.50000     1.00000
 101  Fe1     1.50000     1.50000     0.50000
 102  Fe1     1.50000     1.00000     1.00000
 103  Fe1     1.00000     1.00000     0.50000
 104  Fe1     1.00000     1.50000     1.00000
 105  Fe1     1.25000     1.25000     0.25000
 106  Fe1     1.25000     1.75000     0.75000
 107  Fe1     1.75000     1.25000     0.75000
 108  Fe1     1.75000     1.75000     0.25000
 109  Fe1     1.75000     1.75000     0.75000
 110  Fe1     1.75000     1.25000     0.25000
 111  Fe1     1.25000     1.75000     0.25000
 112  Fe1     1.25000     1.25000     0.75000
 113  Fe1     1.00000     1.00000     1.00000
 114  Fe1     1.00000     1.50000     1.50000
 115  Fe1     1.50000     1.00000     1.50000
 116  Fe1     1.50000     1.50000     2.00000
 117  Fe1     1.50000     1.50000     1.50000
 118  Fe1     1.50000     1.00000     2.00000
 119  Fe1     1.00000     1.00000     1.50000
 120  Fe1     1.00000     1.50000     2.00000
 121  Fe1     1.25000     1.25000     1.25000
 122  Fe1     1.25000     1.75000     1.75000
 123  Fe1     1.75000     1.25000     1.75000
 124  Fe1     1.75000     1.75000     1.25000
 125  Fe1     1.75000     1.75000     1.75000
 126  Fe1     1.75000     1.25000     1.25000
 127  Fe1     1.25000     1.75000     1.25000
 128  Fe1     1.25000     1.25000     1.75000
   1  Fe2     0.00000     0.00000     0.00000
   2  Fe2     0.50000     0.00000     0.50000
   3  Fe2     0.50000     0.50000     1.00000
   4  Fe2     0.00000     0.50000     0.50000
   5  Fe2     0.50000     0.50000     0.50000
   6  Fe2     0.50000     0.00000     1.00000
   7  Fe2     0.00000     0.00000     0.50000
   8  Fe2     0.00000     0.50000     1.00000
   9  Fe2     0.25000     0.25000     0.25000
  10  Fe2     0.25000     0.75000     0.75000
  11  Fe2     0.75000     0.25000     0.75000
  12  Fe2     0.75000     0.75000     0.25000
  13  Fe2     0.75000     0.75000     0.75000
  14  Fe2     0.75000     0.25000     0.25000
  15  Fe2     0.25000     0.75000     0.25000
  16  Fe2     0.25000     0.25000     0.75000
  17  Fe2     0.00000     0.25000     0.12500
  18  Fe2     0.12500     1.00000     0.25000
  19  Fe2     0.25000     0.12500     1.00000
  20  Fe2     0.37500     0.00000     0.75000
  21  Fe2     0.75000     0.37500     1.00000
  22  Fe2     1.00000     0.75000     0.37500
  23  Fe2     0.62500     0.00000     0.25000
  24  Fe2     0.25000     0.62500     1.00000
  25  Fe2     0.00000     0.25000     0.62500
  26  Fe2     0.87500     0.00000     0.75000
  27  Fe2     0.75000     0.87500     1.00000
  28  Fe2     0.00000     0.75000     0.87500
  29  Fe2     0.50000     0.75000     0.62500
  30  Fe2     0.62500     0.50000     0.75000
  31  Fe2     0.75000     0.62500     0.50000
  32  Fe2     0.87500     0.50000     0.25000
  33  Fe2     0.25000     0.87500     0.50000
  34  Fe2     0.50000     0.25000     0.87500
  35  Fe2     0.12500     0.50000     0.75000
  36  Fe2     0.75000     0.12500     0.50000
  37  Fe2     0.50000     0.75000     0.12500
  38  Fe2     0.37500     0.50000     0.25000
  39  Fe2     0.25000     0.37500     0.50000
  40  Fe2     0.50000     0.25000     0.37500
  41  Fe2     0.00000     0.00000     1.00000
  42  Fe2     0.50000     0.00000     1.50000
  43  Fe2     0.50000     0.50000     2.00000
  44  Fe2     0.00000     0.50000     1.50000
  45  Fe2     0.50000     0.50000     1.50000
  46  Fe2     0.50000     0.00000     2.00000
  47  Fe2     0.00000     0.00000     1.50000
  48  Fe2     0.00000     0.50000     2.00000
  49  Fe2     0.25000     0.25000     1.25000
  50  Fe2     0.25000     0.75000     1.75000
  51  Fe2     0.75000     0.25000     1.75000
  52  Fe2     0.75000     0.75000     1.25000
  53  Fe2     0.75000     0.75000     1.75000
  54  Fe2     0.75000     0.25000     1.25000
  55  Fe2     0.25000     0.75000     1.25000
  56  Fe2     0.25000     0.25000     1.75000
  57  Fe2     0.00000     0.25000     1.12500
  58  Fe2     0.12500     1.00000     1.25000
  59  Fe2     0.25000     0.12500     2.00000
  60  Fe2     0.37500     0.00000     1.75000
  61  Fe2     0.75000     0.37500     2.00000
  62  Fe2     1.00000     0.75000     1.37500
  63  Fe2     0.62500     0.00000     1.25000
  64  Fe2     0.25000     0.62500     2.00000
  65  Fe2     0.00000     0.25000     1.62500
  66  Fe2     0.87500     0.00000     1.75000
  67  Fe2     0.75000     0.87500     2.00000
  68  Fe2     0.00000     0.75000     1.87500
  69  Fe2     0.50000     0.75000     1.62500
  70  Fe2     0.62500     0.50000     1.75000
  71  Fe2     0.75000     0.62500     1.50000
  72  Fe2     0.87500     0.50000     1.25000
  73  Fe2     0.25000     0.87500     1.50000
  74  Fe2     0.50000     0.25000     1.87500
  75  Fe2     0.12500     0.50000     1.75000
  76  Fe2     0.75000     0.12500     1.50000
  77  Fe2     0.50000     0.75000     1.12500
  78  Fe2     0.37500     0.50000     1.25000
  79  Fe2     0.25000     0.37500     1.50000
  80  Fe2     0.50000     0.25000     1.37500
  81  Fe2     0.00000     1.00000     0.00000
  82  Fe2     0.50000     1.00000     0.50000
  83  Fe2     0.50000     1.50000     1.00000
  84  Fe2     0.00000     1.50000     0.50000
  85  Fe2     0.50000     1.50000     0.50000
  86  Fe2     0.50000     1.00000     1.00000
  87  Fe2     0.00000     1.00000     0.50000
  88  Fe2     0.00000     1.50000     1.00000
  89  Fe2     0.25000     1.25000     0.25000
  90  Fe2     0.25000     1.75000     0.75000
  91  Fe2     0.75000     1.25000     0.75000
  92  Fe2     0.75000     1.75000     0.25000
  93  Fe2     0.75000     1.75000     0.75000
  94  Fe2     0.75000     1.25000     0.25000
  95  Fe2     0.25000     1.75000     0.25000
  96  Fe2     0.25000     1.25000     0.75000
  97  Fe2     0.00000     1.25000     0.12500
  98  Fe2     0.12500     2.00000     0.25000
  99  Fe2     0.25000     1.12500     1.00000
 100  Fe2     0.37500     1.00000     0.75000
 101  Fe2     0.75000     1.37500     1.00000
 102  Fe2     1.00000     1.75000     0.37500
 103  Fe2     0.62500     1.00000     0.25000
 104  Fe2     0.25000     1.62500     1.00000
 105  Fe2     0.00000     1.25000     0.62500
 106  Fe2     0.87500     1.00000     0.75000
 107  Fe2     0.75000     1.87500     1.00000
 108  Fe2     0.00000     1.75000     0.87500
 109  Fe2     0.50000     1.75000     0.62500
 110  Fe2     0.62500     1.50000     0.75000
 111  Fe2     0.75000     1.62500     0.50000
 112  Fe2     0.87500     1.50000     0.25000
 113  Fe2     0.25000     1.87500     0.50000
 114  Fe2     0.50000     1.25000     0.87500
 115  Fe2     0.12500     1.50000     0.75000
 116  Fe2     0.75000     1.12500     0.50000
 117  Fe2     0.50000     1.75000     0.12500
 118  Fe2     0.37500     1.50000     0.25000
 119  Fe2     0.25000     1.37500     0.50000
 120  Fe2     0.50000     1.25000     0.37500
 121  Fe2     0.00000     1.00000     1.00000
 122  Fe2     0.50000     1.00000     1.50000
 123  Fe2     0.50000     1.50000     2.00000
 124  Fe2     0.00000     1.50000     1.50000
 125  Fe2     0.50000     1.50000     1.50000
 126  Fe2     0.50000     1.00000     2.00000
 127  Fe2     0.00000     1.00000     1.50000
 128  Fe2     0.00000     1.50000     2.00000
 129  Fe2     0.25000     1.25000     1.25000
 130  Fe2     0.25000     1.75000     1.75000
 131  Fe2     0.75000     1.25000     1.75000
 132  Fe2     0.75000     1.75000     1.25000
 133  Fe2     0.75000     1.75000     1.75000
 134  Fe2     0.75000     1.25000     1.25000
 135  Fe2     0.25000     1.75000     1.25000
 136  Fe2     0.25000     1.25000     1.75000
 137  Fe2     0.00000     1.25000     1.12500
 138  Fe2     0.12500     2.00000     1.25000
 139  Fe2     0.25000     1.12500     2.00000
 140  Fe2     0.37500     1.00000     1.75000
 141  Fe2     0.75000     1.37500     2.00000
 142  Fe2     1.00000     1.75000     1.37500
 143  Fe2     0.62500     1.00000     1.25000
 144  Fe2     0.25000     1.62500     2.00000
 145  Fe2     0.00000     1.25000     1.62500
 146  Fe2     0.87500     1.00000     1.75000
 147  Fe2     0.75000     1.87500     2.00000
 148  Fe2     0.00000     1.75000     1.87500
 149  Fe2     0.50000     1.75000     1.62500
 150  Fe2     0.62500     1.50000     1.75000
 151  Fe2     0.75000     1.62500     1.50000
 152  Fe2     0.87500     1.50000     1.25000
 153  Fe2     0.25000     1.87500     1.50000
 154  Fe2     0.50000     1.25000     1.87500
 155  Fe2     0.12500     1.50000     1.75000
 156  Fe2     0.75000     1.12500     1.50000
 157  Fe2     0.50000     1.75000     1.12500
 158  Fe2     0.37500     1.50000     1.25000
 159  Fe2     0.25000     1.37500     1.50000
 160  Fe2     0.50000     1.25000     1.37500
 161  Fe2     1.00000     0.00000     0.00000
 162  Fe2     1.50000     0.00000     0.50000
 163  Fe2     1.50000     0.50000     1.00000
 164  Fe2     1.00000     0.50000     0.50000
 165  Fe2     1.50000     0.50000     0.50000
 166  Fe2     1.50000     0.00000     1.00000
 167  Fe2     1.00000     0.00000     0.50000
 168  Fe2     1.00000     0.50000     1.00000
 169  Fe2     1.25000     0.25000     0.25000
 170  Fe2     1.25000     0.75000     0.75000
 171  Fe2     1.75000     0.25000     0.75000
 172  Fe2     1.75000     0.75000     0.25000
 173  Fe2     1.75000     0.75000     0.75000
 174  Fe2     1.75000     0.25000     0.25000
 175  Fe2     1.25000     0.75000     0.25000
 176  Fe2     1.25000     0.25000     0.75000
 177  Fe2     1.00000     0.25000     0.12500
 178  Fe2     1.12500     1.00000     0.25000
 179  Fe2     1.25000     0.12500     1.00000
 180  Fe2     1.37500     0.00000     0.75000
 181  Fe2     1.75000     0.37500     1.00000
 182  Fe2     2.00000     0.75000     0.37500
 183  Fe2     1.62500     0.00000     0.25000
 184  Fe2     1.25000     0.62500     1.00000
 185  Fe2     1.00000     0.25000     0.62500
 186  Fe2     1.87500     0.00000     0.75000
 187  Fe2     1.75000     0.87500     1.00000
 188  Fe2     1.00000     0.75000     0.87500
 189  Fe2     1.50000     0.75000     0.62500
 190  Fe2     1.62500     0.50000     0.75000
 191  Fe2     1.75000     0.62500     0.50000
 192  Fe2     1.87500     0.50000     0.25000
 193  Fe2     1.25000     0.87500     0.50000
 194  Fe2     1.50000     0.25000     0.87500
 195  Fe2     1.12500     0.50000     0.75000
 196  Fe2     1.75000     0.12500     0.50000
 197  Fe2     1.50000     0.75000     0.12500
 198  Fe2     1.37500     0.50000     0.25000
 199  Fe2     1.25000     0.37500     0.50000
 200  Fe2     1.50000     0.25000     0.37500
 201  Fe2     1.00000     0.00000     1.00000
 202  Fe2     1.50000     0.00000     1.50000
 203  Fe2     1.50000     0.50000     2.00000
 204  Fe2     1.00000     0.50000     1.50000
 205  Fe2     1.50000     0.50000     1.50000
 206  Fe2     1.50000     0.00000     2.00000
 207  Fe2     1.00000     0.00000     1.50000
 208  Fe2     1.00000     0.50000     2.00000
 209  Fe2     1.25000     0.25000     1.25000
 210  Fe2     1.25000     0.75000     1.75000
 211  Fe2     1.75000     0.25000     1.75000
 212  Fe2     1.75000     0.75000     1.25000
 213  Fe2     1.75000     0.75000     1.75000
 214  Fe2     1.75000     0.25000     1.25000
 215  Fe2     1.25000     0.75000     1.25000
 216  Fe2     1.25000     0.25000     1.75000
 217  Fe2     1.00000     0.25000     1.12500
 218  Fe2     1.12500     1.00000     1.25000
 219  Fe2     1.25000     0.12500     2.00000
 220  Fe2     1.37500     0.00000     1.75000
 221  Fe2     1.75000     0.37500     2.00000
 222  Fe2     2.00000     0.75000     1.37500
 223  Fe2     1.62500     0.00000     1.25000
 224  Fe2     1.25000     0.62500     2.00000
 225  Fe2     1.00000     0.25000     1.62500
 226  Fe2     1.87500     0.00000     1.75000
 227  Fe2     1.75000     0.87500     2.00000
 228  Fe2     1.00000     0.75000     1.87500
 229  Fe2     1.50000     0.75000     1.62500
 230  Fe2     1.62500     0.50000     1.75000
 231  Fe2     1.75000     0.62500     1.50000
 232  Fe2     1.87500     0.50000     1.25000
 233  Fe2     1.25000     0.87500     1.50000
 234  Fe2     1.50000     0.25000     1.87500
 235  Fe2     1.12500     0.50000     1.75000
 236  Fe2     1.75000     0.12500     1.50000
 237  Fe2     1.50000     0.75000     1.12500
 238  Fe2     1.37500     0.50000     1.25000
 239  Fe2     1.25000     0.37500     1.50000
 240  Fe2     1.50000     0.25000     1.37500
 241  Fe2     1.00000     1.00000     0.00000
 242  Fe2     1.50000     1.00000     0.50000
 243  Fe2     1.50000     1.50000     1.00000
 244  Fe2     1.00000     1.50000     0.50000
 245  Fe2     1.50000     1.50000     0.50000
 246  Fe2     1.50000     1.00000     1.00000
 247  Fe2     1.00000     1.00000     0.50000
 248  Fe2     1.00000     1.50000     1.00000
 249  Fe2     1.25000     1.25000     0.25000
 250  Fe2     1.25000     1.75000     0.75000
 251  Fe2     1.75000     1.25000     0.75000
 252  Fe2     1.75000     1.75000     0.25000
 253  Fe2     1.75000     1.75000     0.75000
 254  Fe2     1.75000     1.25000     0.25000
 255  Fe2     1.25000     1.75000     0.25000
 256  Fe2     1.25000     1.25000     0.75000
 257  Fe2     1.00000     1.25000     0.12500
 258  Fe2     1.12500     2.00000     0.25000
 259  Fe2     1.25000     1.12500     1.00000
 260  Fe2     1.37500     1.00000     0.75000
 261  Fe2     1.75000     1.37500     1.00000
 262  Fe2     2.00000     1.75000     0.37500
 263  Fe2     1.62500     1.00000     0.25000
 264  Fe2     1.25000     1.62500     1.00000
 265  Fe2     1.00000     1.25000     0.62500
 266  Fe2     1.87500     1.00000     0.75000
 267  Fe2     1.75000     1.87500     1.00000
 268  Fe2     1.00000     1.75000     0.87500
 269  Fe2     1.50000     1.75000     0.62500
 270  Fe2     1.62500     1.50000     0.75000
 271  Fe2     1.75000     1.62500     0.50000
 272  Fe2     1.87500     1.50000     0.25000
 273  Fe2     1.25000     1.87500     0.50000
 274  Fe2     1.50000     1.25000     0.87500
 275  Fe2     1.12500     1.50000     0.75000
 276  Fe2     1.75000     1.12500     0.50000
 277  Fe2     1.50000     1.75000     0.12500
 278  Fe2     1.37500     1.50000     0.25000
 279  Fe2     1.25000     1.37500     0.50000
 280  Fe2     1.50000     1.25000     0.37500
 281  Fe2     1.00000     1.00000     1.00000
 282  Fe2     1.50000     1.00000     1.50000
 283  Fe2     1.50000     1.50000     2.00000
 284  Fe2     1.00000     1.50000     1.50000
 285  Fe2     1.50000     1.50000     1.50000
 286  Fe2     1.50000     1.00000     2.00000
 287  Fe2     1.00000     1.00000     1.50000
 288  Fe2     1.00000     1.50000     2.00000
 289  Fe2     1.25000     1.25000     1.25000
 290  Fe2     1.25000     1.75000     1.75000
 291  Fe2     1.75000     1.25000     1.75000
 292  Fe2     1.75000     1.75000     1.25000
 293  Fe2     1.75000     1.75000     1.75000
 294  Fe2     1.75000     1.25000     1.25000
 295  Fe2     1.25000     1.75000     1.25000
 296  Fe2     1.25000     1.25000     1.75000
 297  Fe2     1.00000     1.25000     1.12500
 298  Fe2     1.12500     2.00000     1.25000
 299  Fe2     1.25000     1.12500     2.00000
 300  Fe2     1.37500     1.00000     1.75000
 301  Fe2     1.75000     1.37500     2.00000
 302  Fe2     2.00000     1.75000     1.37500
 303  Fe2     1.62500     1.00000     1.25000
 304  Fe2     1.25000     1.62500     2.00000
 305  Fe2     1.00000     1.25000     1.62500
 306  Fe2     1.87500     1.00000     1.75000
 307  Fe2     1.75000     1.87500     2.00000
 308  Fe2     1.00000     1.75000     1.87500
 309  Fe2     1.50000     1.75000     1.62500
 310  Fe2     1.62500     1.50000     1.75000
 311  Fe2     1.75000     1.62500     1.50000
 312  Fe2     1.87500     1.50000     1.25000
 313  Fe2     1.25000     1.87500     1.50000
 314  Fe2     1.50000     1.25000     1.87500
 315  Fe2     1.12500     1.50000     1.75000
 316  Fe2     1.75000     1.12500     1.50000
 317  Fe2     1.50000     1.75000     1.12500
 318  Fe2     1.37500     1.50000     1.25000
 319  Fe2     1.25000     1.37500     1.50000
 320  Fe2     1.50000     1.25000     1.37500
   1  O       0.90792     0.20015     0.78915
   2  O       0.78915     0.90792     0.20015
   3  O       0.20015     0.78915     0.90792
   4  O       0.09208     0.79985     0.21085
   5  O       0.21085     0.09208     0.79985
   6  O       0.79985     0.21085     0.09208
   7  O       0.20015     0.28915     0.09208
   8  O       0.54985     0.15792     0.53915
   9  O       0.65792     0.53915     0.95015
  10  O       0.34208     0.96085     0.95015
  11  O       0.34208     0.46085     0.04985
  12  O       0.84208     0.03915     0.95015
  13  O       0.70015     0.28915     0.40792
  14  O       0.15792     0.53915     0.54985
  15  O       0.40792     0.29985     0.21085
  16  O       0.28915     0.59208     0.79985
  17  O       0.70015     0.71085     0.09208
  18  O       0.59208     0.70015     0.78915
  19  O       0.71085     0.40792     0.20015
  20  O       0.29985     0.28915     0.90792
  21  O       0.45015     0.15792     0.03915
  22  O       0.03915     0.45015     0.15792
  23  O       0.95015     0.34208     0.96085
  24  O       0.53915     0.04985     0.84208
  25  O       0.54985     0.65792     0.46085
  26  O       0.96085     0.95015     0.34208
  27  O       0.04985     0.84208     0.53915
  28  O       0.46085     0.54985     0.65792
  29  O       0.04985     0.34208     0.46085
  30  O       0.46085     0.04985     0.34208
  31  O       0.34208     0.03915     0.54985
  32  O       0.96085     0.45015     0.65792
  33  O       0.95015     0.84208     0.03915
  34  O       0.53915     0.54985     0.15792
  35  O       0.45015     0.65792     0.96085
  36  O       0.03915     0.95015     0.84208
  37  O       0.09208     0.70015     0.71085
  38  O       0.21085     0.40792     0.29985
  39  O       0.79985     0.28915     0.59208
  40  O       0.90792     0.29985     0.28915
  41  O       0.78915     0.59208     0.70015
  42  O       0.20015     0.71085     0.40792
  43  O       0.59208     0.79985     0.28915
  44  O       0.71085     0.09208     0.70015
  45  O       0.29985     0.21085     0.40792
  46  O       0.40792     0.20015     0.71085
  47  O       0.28915     0.90792     0.29985
  48  O       0.70015     0.78915     0.59208
  49  O       0.40792     0.70015     0.28915
  50  O       0.28915     0.40792     0.70015
  51  O       0.65792     0.46085     0.54985
  52  O       0.59208     0.29985     0.71085
  53  O       0.71085     0.59208     0.29985
  54  O       0.29985     0.71085     0.59208
  55  O       0.65792     0.96085     0.45015
  56  O       0.04985     0.65792     0.03915
  57  O       0.15792     0.03915     0.45015
  58  O       0.84208     0.46085     0.45015
  59  O       0.84208     0.96085     0.54985
  60  O       0.34208     0.53915     0.45015
  61  O       0.15792     0.46085     0.95015
  62  O       0.65792     0.03915     0.04985
  63  O       0.90792     0.79985     0.71085
  64  O       0.78915     0.09208     0.29985
  65  O       0.20015     0.21085     0.59208
  66  O       0.09208     0.20015     0.28915
  67  O       0.21085     0.90792     0.70015
  68  O       0.79985     0.78915     0.40792
  69  O       0.95015     0.65792     0.53915
  70  O       0.53915     0.95015     0.65792
  71  O       0.45015     0.84208     0.46085
  72  O       0.03915     0.54985     0.34208
  73  O       0.04985     0.15792     0.96085
  74  O       0.46085     0.45015     0.84208
  75  O       0.54985     0.34208     0.03915
  76  O       0.96085     0.04985     0.15792
  77  O       0.54985     0.84208     0.96085
  78  O       0.96085     0.54985     0.84208
  79  O       0.84208     0.53915     0.04985
  80  O       0.46085     0.95015     0.15792
  81  O       0.45015     0.34208     0.53915
  82  O       0.03915     0.04985     0.65792
  83  O       0.95015     0.15792     0.46085
  84  O       0.53915     0.45015     0.34208
  85  O       0.59208     0.20015     0.21085
  86  O       0.71085     0.90792     0.79985
  87  O       0.29985     0.78915     0.09208
  88  O       0.40792     0.79985     0.78915
  89  O       0.28915     0.09208     0.20015
  90  O       0.70015     0.21085     0.90792
  91  O       0.09208     0.29985     0.78915
  92  O       0.21085     0.59208     0.20015
  93  O       0.79985     0.71085     0.90792
  94  O       0.90792     0.70015     0.21085
  95  O       0.78915     0.40792     0.79985
  96  O       0.15792     0.96085     0.04985
  97  O       0.90792     0.20015     1.78915
  98  O       0.78915     0.90792     1.20015
  99  O       0.20015     0.78915     1.90792
 100  O       0.09208     0.79985     1.21085
 101  O       0.21085     0.09208     1.79985
 102  O       0.79985     0.21085     1.09208
 103  O       0.20015     0.28915     1.09208
 104  O       0.54985     0.15792     1.53915
 105  O       0.65792     0.53915     1.95015
 106  O       0.34208     0.96085     1.95015
 107  O       0.34208     0.46085     1.04985
 108  O       0.84208     0.03915     1.95015
 109  O       0.70015     0.28915     1.40792
 110  O       0.15792     0.53915     1.54985
 111  O       0.40792     0.29985     1.21085
 112  O       0.28915     0.59208     1.79985
 113  O       0.70015     0.71085     1.09208
 114  O       0.59208     0.70015     1.78915
 115  O       0.71085     0.40792     1.20015
 116  O       0.29985     0.28915     1.90792
 117  O       0.45015     0.15792     1.03915
 118  O       0.03915     0.45015     1.15792
 119  O       0.95015     0.34208     1.96085
 120  O       0.53915     0.04985     1.84208
 121  O       0.54985     0.65792     1.46085
 122  O       0.96085     0.95015     1.34208
 123  O       0.04985     0.84208     1.53915
 124  O       0.46085     0.54985     1.65792
 125  O       0.04985     0.34208     1.46085
 126  O       0.46085     0.04985     1.34208
 127  O       0.34208     0.03915     1.54985
 128  O       0.96085     0.45015     1.65792
 129  O       0.95015     0.84208     1.03915
 130  O       0.53915     0.54985     1.15792
 131  O       0.45015     0.65792     1.96085
 132  O       0.03915     0.95015     1.84208
 133  O       0.09208     0.70015     1.71085
 134  O       0.21085     0.40792     1.29985
 135  O       0.79985     0.28915     1.59208
 136  O       0.90792     0.29985     1.28915
 137  O       0.78915     0.59208     1.70015
 138  O       0.20015     0.71085     1.40792
 139  O       0.59208     0.79985     1.28915
 140  O       0.71085     0.09208     1.70015
 141  O       0.29985     0.21085     1.40792
 142  O       0.40792     0.20015     1.71085
 143  O       0.28915     0.90792     1.29985
 144  O       0.70015     0.78915     1.59208
 145  O       0.40792     0.70015     1.28915
 146  O       0.28915     0.40792     1.70015
 147  O       0.65792     0.46085     1.54985
 148  O       0.59208     0.29985     1.71085
 149  O       0.71085     0.59208     1.29985
 150  O       0.29985     0.71085     1.59208
 151  O       0.65792     0.96085     1.45015
 152  O       0.04985     0.65792     1.03915
 153  O       0.15792     0.03915     1.45015
 154  O       0.84208     0.46085     1.45015
 155  O       0.84208     0.96085     1.54985
 156  O       0.34208     0.53915     1.45015
 157  O       0.15792     0.46085     1.95015
 158  O       0.65792     0.03915     1.04985
 159  O       0.90792     0.79985     1.71085
 160  O       0.78915     0.09208     1.29985
 161  O       0.20015     0.21085     1.59208
 162  O       0.09208     0.20015     1.28915
 163  O       0.21085     0.90792     1.70015
 164  O       0.79985     0.78915     1.40792
 165  O       0.95015     0.65792     1.53915
 166  O       0.53915     0.95015     1.65792
 167  O       0.45015     0.84208     1.46085
 168  O       0.03915     0.54985     1.34208
 169  O       0.04985     0.15792     1.96085
 170  O       0.46085     0.45015     1.84208
 171  O       0.54985     0.34208     1.03915
 172  O       0.96085     0.04985     1.15792
 173  O       0.54985     0.84208     1.96085
 174  O       0.96085     0.54985     1.84208
 175  O       0.84208     0.53915     1.04985
 176  O       0.46085     0.95015     1.15792
 177  O       0.45015     0.34208     1.53915
 178  O       0.03915     0.04985     1.65792
 179  O       0.95015     0.15792     1.46085
 180  O       0.53915     0.45015     1.34208
 181  O       0.59208     0.20015     1.21085
 182  O       0.71085     0.90792     1.79985
 183  O       0.29985     0.78915     1.09208
 184  O       0.40792     0.79985     1.78915
 185  O       0.28915     0.09208     1.20015
 186  O       0.70015     0.21085     1.90792
 187  O       0.09208     0.29985     1.78915
 188  O       0.21085     0.59208     1.20015
 189  O       0.79985     0.71085     1.90792
 190  O       0.90792     0.70015     1.21085
 191  O       0.78915     0.40792     1.79985
 192  O       0.15792     0.96085     1.04985
 193  O       0.90792     1.20015     0.78915
 194  O       0.78915     1.90792     0.20015
 195  O       0.20015     1.78915     0.90792
 196  O       0.09208     1.79985     0.21085
 197  O       0.21085     1.09208     0.79985
 198  O       0.79985     1.21085     0.09208
 199  O       0.20015     1.28915     0.09208
 200  O       0.54985     1.15792     0.53915
 201  O       0.65792     1.53915     0.95015
 202  O       0.34208     1.96085     0.95015
 203  O       0.34208     1.46085     0.04985
 204  O       0.84208     1.03915     0.95015
 205  O       0.70015     1.28915     0.40792
 206  O       0.15792     1.53915     0.54985
 207  O       0.40792     1.29985     0.21085
 208  O       0.28915     1.59208     0.79985
 209  O       0.70015     1.71085     0.09208
 210  O       0.59208     1.70015     0.78915
 211  O       0.71085     1.40792     0.20015
 212  O       0.29985     1.28915     0.90792
 213  O       0.45015     1.15792     0.03915
 214  O       0.03915     1.45015     0.15792
 215  O       0.95015     1.34208     0.96085
 216  O       0.53915     1.04985     0.84208
 217  O       0.54985     1.65792     0.46085
 218  O       0.96085     1.95015     0.34208
 219  O       0.04985     1.84208     0.53915
 220  O       0.46085     1.54985     0.65792
 221  O       0.04985     1.34208     0.46085
 222  O       0.46085     1.04985     0.34208
 223  O       0.34208     1.03915     0.54985
 224  O       0.96085     1.45015     0.65792
 225  O       0.95015     1.84208     0.03915
 226  O       0.53915     1.54985     0.15792
 227  O       0.45015     1.65792     0.96085
 228  O       0.03915     1.95015     0.84208
 229  O       0.09208     1.70015     0.71085
 230  O       0.21085     1.40792     0.29985
 231  O       0.79985     1.28915     0.59208
 232  O       0.90792     1.29985     0.28915
 233  O       0.78915     1.59208     0.70015
 234  O       0.20015     1.71085     0.40792
 235  O       0.59208     1.79985     0.28915
 236  O       0.71085     1.09208     0.70015
 237  O       0.29985     1.21085     0.40792
 238  O       0.40792     1.20015     0.71085
 239  O       0.28915     1.90792     0.29985
 240  O       0.70015     1.78915     0.59208
 241  O       0.40792     1.70015     0.28915
 242  O       0.28915     1.40792     0.70015
 243  O       0.65792     1.46085     0.54985
 244  O       0.59208     1.29985     0.71085
 245  O       0.71085     1.59208     0.29985
 246  O       0.29985     1.71085     0.59208
 247  O       0.65792     1.96085     0.45015
 248  O       0.04985     1.65792     0.03915
 249  O       0.15792     1.03915     0.45015
 250  O       0.84208     1.46085     0.45015
 251  O       0.84208     1.96085     0.54985
 252  O       0.34208     1.53915     0.45015
 253  O       0.15792     1.46085     0.95015
 254  O       0.65792     1.03915     0.04985
 255  O       0.90792     1.79985     0.71085
 256  O       0.78915     1.09208     0.29985
 257  O       0.20015     1.21085     0.59208
 258  O       0.09208     1.20015     0.28915
 259  O       0.21085     1.90792     0.70015
 260  O       0.79985     1.78915     0.40792
 261  O       0.95015     1.65792     0.53915
 262  O       0.53915     1.95015     0.65792
 263  O       0.45015     1.84208     0.46085
 264  O       0.03915     1.54985     0.34208
 265  O       0.04985     1.15792     0.96085
 266  O       0.46085     1.45015     0.84208
 267  O       0.54985     1.34208     0.03915
 268  O       0.96085     1.04985     0.15792
 269  O       0.54985     1.84208     0.96085
 270  O       0.96085     1.54985     0.84208
 271  O       0.84208     1.53915     0.04985
 272  O       0.46085     1.95015     0.15792
 273  O       0.45015     1.34208     0.53915
 274  O       0.03915     1.04985     0.65792
 275  O       0.95015     1.15792     0.46085
 276  O       0.53915     1.45015     0.34208
 277  O       0.59208     1.20015     0.21085
 278  O       0.71085     1.90792     0.79985
 279  O       0.29985     1.78915     0.09208
 280  O       0.40792     1.79985     0.78915
 281  O       0.28915     1.09208     0.20015
 282  O       0.70015     1.21085     0.90792
 283  O       0.09208     1.29985     0.78915
 284  O       0.21085     1.59208     0.20015
 285  O       0.79985     1.71085     0.90792
 286  O       0.90792     1.70015     0.21085
 287  O       0.78915     1.40792     0.79985
 288  O       0.15792     1.96085     0.04985
 289  O       0.90792     1.20015     1.78915
 290  O       0.78915     1.90792     1.20015
 291  O       0.20015     1.78915     1.90792
 292  O       0.09208     1.79985     1.21085
 293  O       0.21085     1.09208     1.79985
 294  O       0.79985     1.21085     1.09208
 295  O       0.20015     1.28915     1.09208
 296  O       0.54985     1.15792     1.53915
 297  O       0.65792     1.53915     1.95015
 298  O       0.34208     1.96085     1.95015
 299  O       0.34208     1.46085     1.04985
 300  O       0.84208     1.03915     1.95015
 301  O       0.70015     1.28915     1.40792
 302  O       0.15792     1.53915     1.54985
 303  O       0.40792     1.29985     1.21085
 304  O       0.28915     1.59208     1.79985
 305  O       0.70015     1.71085     1.09208
 306  O       0.59208     1.70015     1.78915
 307  O       0.71085     1.40792     1.20015
 308  O       0.29985     1.28915     1.90792
 309  O       0.45015     1.15792     1.03915
 310  O       0.03915     1.45015     1.15792
 311  O       0.95015     1.34208     1.96085
 312  O       0.53915     1.04985     1.84208
 313  O       0.54985     1.65792     1.46085
 314  O       0.96085     1.95015     1.34208
 315  O       0.04985     1.84208     1.53915
 316  O       0.46085     1.54985     1.65792
 317  O       0.04985     1.34208     1.46085
 318  O       0.46085     1.04985     1.34208
 319  O       0.34208     1.03915     1.54985
 320  O       0.96085     1.45015     1.65792
 321  O       0.95015     1.84208     1.03915
 322  O       0.53915     1.54985     1.15792
 323  O       0.45015     1.65792     1.96085
 324  O       0.03915     1.95015     1.84208
 325  O       0.09208     1.70015     1.71085
 326  O       0.21085     1.40792     1.29985
 327  O       0.79985     1.28915     1.59208
 328  O       0.90792     1.29985     1.28915
 329  O       0.78915     1.59208     1.70015
 330  O       0.20015     1.71085     1.40792
 331  O       0.59208     1.79985     1.28915
 332  O       0.71085     1.09208     1.70015
 333  O       0.29985     1.21085     1.40792
 334  O       0.40792     1.20015     1.71085
 335  O       0.28915     1.90792     1.29985
 336  O       0.70015     1.78915     1.59208
 337  O       0.40792     1.70015     1.28915
 338  O       0.28915     1.40792     1.70015
 339  O       0.65792     1.46085     1.54985
 340  O       0.59208     1.29985     1.71085
 341  O       0.71085     1.59208     1.29985
 342  O       0.29985     1.71085     1.59208
 343  O       0.65792     1.96085     1.45015
 344  O       0.04985     1.65792     1.03915
 345  O       0.15792     1.03915     1.45015
 346  O       0.84208     1.46085     1.45015
 347  O       0.84208     1.96085     1.54985
 348  O       0.34208     1.53915     1.45015
 349  O       0.15792     1.46085     1.95015
 350  O       0.65792     1.03915     1.04985
 351  O       0.90792     1.79985     1.71085
 352  O       0.78915     1.09208     1.29985
 353  O       0.20015     1.21085     1.59208
 354  O       0.09208     1.20015     1.28915
 355  O       0.21085     1.90792     1.70015
 356  O       0.79985     1.78915     1.40792
 357  O       0.95015     1.65792     1.53915
 358  O       0.53915     1.95015     1.65792
 359  O       0.45015     1.84208     1.46085
 360  O       0.03915     1.54985     1.34208
 361  O       0.04985     1.15792     1.96085
 362  O       0.46085     1.45015     1.84208
 363  O       0.54985     1.34208     1.03915
 364  O       0.96085     1.04985     1.15792
 365  O       0.54985     1.84208     1.96085
 366  O       0.96085     1.54985     1.84208
 367  O       0.84208     1.53915     1.04985
 368  O       0.46085     1.95015     1.15792
 369  O       0.45015     1.34208     1.53915
 370  O       0.03915     1.04985     1.65792
 371  O       0.95015     1.15792     1.46085
 372  O       0.53915     1.45015     1.34208
 373  O       0.59208     1.20015     1.21085
 374  O       0.71085     1.90792     1.79985
 375  O       0.29985     1.78915     1.09208
 376  O       0.40792     1.79985     1.78915
 377  O       0.28915     1.09208     1.20015
 378  O       0.70015     1.21085     1.90792
 379  O       0.09208     1.29985     1.78915
 380  O       0.21085     1.59208     1.20015
 381  O       0.79985     1.71085     1.90792
 382  O       0.90792     1.70015     1.21085
 383  O       0.78915     1.40792     1.79985
 384  O       0.15792     1.96085     1.04985
 385  O       1.90792     0.20015     0.78915
 386  O       1.78915     0.90792     0.20015
 387  O       1.20015     0.78915     0.90792
 388  O       1.09208     0.79985     0.21085
 389  O       1.21085     0.09208     0.79985
 390  O       1.79985     0.21085     0.09208
 391  O       1.20015     0.28915     0.09208
 392  O       1.54985     0.15792     0.53915
 393  O       1.65792     0.53915     0.95015
 394  O       1.34208     0.96085     0.95015
 395  O       1.34208     0.46085     0.04985
 396  O       1.84208     0.03915     0.95015
 397  O       1.70015     0.28915     0.40792
 398  O       1.15792     0.53915     0.54985
 399  O       1.40792     0.29985     0.21085
 400  O       1.28915     0.59208     0.79985
 401  O       1.70015     0.71085     0.09208
 402  O       1.59208     0.70015     0.78915
 403  O       1.71085     0.40792     0.20015
 404  O       1.29985     0.28915     0.90792
 405  O       1.45015     0.15792     0.03915
 406  O       1.03915     0.45015     0.15792
 407  O       1.95015     0.34208     0.96085
 408  O       1.53915     0.04985     0.84208
 409  O       1.54985     0.65792     0.46085
 410  O       1.96085     0.95015     0.34208
 411  O       1.04985     0.84208     0.53915
 412  O       1.46085     0.54985     0.65792
 413  O       1.04985     0.34208     0.46085
 414  O       1.46085     0.04985     0.34208
 415  O       1.34208     0.03915     0.54985
 416  O       1.96085     0.45015     0.65792
 417  O       1.95015     0.84208     0.03915
 418  O       1.53915     0.54985     0.15792
 419  O       1.45015     0.65792     0.96085
 420  O       1.03915     0.95015     0.84208
 421  O       1.09208     0.70015     0.71085
 422  O       1.21085     0.40792     0.29985
 423  O       1.79985     0.28915     0.59208
 424  O       1.90792     0.29985     0.28915
 425  O       1.78915     0.59208     0.70015
 426  O       1.20015     0.71085     0.40792
 427  O       1.59208     0.79985     0.28915
 428  O       1.71085     0.09208     0.70015
 429  O       1.29985     0.21085     0.40792
 430  O       1.40792     0.20015     0.71085
 431  O       1.28915     0.90792     0.29985
 432  O       1.70015     0.78915     0.59208
 433  O       1.40792     0.70015     0.28915
 434  O       1.28915     0.40792     0.70015
 435  O       1.65792     0.46085     0.54985
 436  O       1.59208     0.29985     0.71085
 437  O       1.71085     0.59208     0.29985
 438  O       1.29985     0.71085     0.59208
 439  O       1.65792     0.96085     0.45015
 440  O       1.04985     0.65792     0.03915
 441  O       1.15792     0.03915     0.45015
 442  O       1.84208     0.46085     0.45015
 443  O       1.84208     0.96085     0.54985
 444  O       1.34208     0.53915     0.45015
 445  O       1.15792     0.46085     0.95015
 446  O       1.65792     0.03915     0.04985
 447  O       1.90792     0.79985     0.71085
 448  O       1.78915     0.09208     0.29985
 449  O       1.20015     0.21085     0.59208
 450  O       1.09208     0.20015     0.28915
 451  O       1.21085     0.90792     0.70015
 452  O       1.79985     0.78915     0.40792
 453  O       1.95015     0.65792     0.53915
 454  O       1.53915     0.95015     0.65792
 455  O       1.45015     0.84208     0.46085
 456  O       1.03915     0.54985     0.34208
 457  O       1.04985     0.15792     0.96085
 458  O       1.46085     0.45015     0.84208
 459  O       1.54985     0.34208     0.03915
 460  O       1.96085     0.04985     0.15792
 461  O       1.54985     0.84208     0.96085
 462  O       1.96085     0.54985     0.84208
 463  O       1.84208     0.53915     0.04985
 464  O       1.46085     0.95015     0.15792
 465  O       1.45015     0.34208     0.53915
 466  O       1.03915     0.04985     0.65792
 467  O       1.95015     0.15792     0.46085
 468  O       1.53915     0.45015     0.34208
 469  O       1.59208     0.20015     0.21085
 470  O       1.71085     0.90792     0.79985
 471  O       1.29985     0.78915     0.09208
 472  O       1.40792     0.79985     0.78915
 473  O       1.28915     0.09208     0.20015
 474  O       1.70015     0.21085     0.90792
 475  O       1.09208     0.29985     0.78915
 476  O       1.21085     0.59208     0.20015
 477  O       1.79985     0.71085     0.90792
 478  O       1.90792     0.70015     0.21085
 479  O       1.78915     0.40792     0.79985
 480  O       1.15792     0.96085     0.04985
 481  O       1.90792     0.20015     1.78915
 482  O       1.78915     0.90792     1.20015
 483  O       1.20015     0.78915     1.90792
 484  O       1.09208     0.79985     1.21085
 485  O       1.21085     0.09208     1.79985
 486  O       1.79985     0.21085     1.09208
 487  O       1.20015     0.28915     1.09208
 488  O       1.54985     0.15792     1.53915
 489  O       1.65792     0.53915     1.95015
 490  O       1.34208     0.96085     1.95015
 491  O       1.34208     0.46085     1.04985
 492  O       1.84208     0.03915     1.95015
 493  O       1.70015     0.28915     1.40792
 494  O       1.15792     0.53915     1.54985
 495  O       1.40792     0.29985     1.21085
 496  O       1.28915     0.59208     1.79985
 497  O       1.70015     0.71085     1.09208
 498  O       1.59208     0.70015     1.78915
 499  O       1.71085     0.40792     1.20015
 500  O       1.29985     0.28915     1.90792
 501  O       1.45015     0.15792     1.03915
 502  O       1.03915     0.45015     1.15792
 503  O       1.95015     0.34208     1.96085
 504  O       1.53915     0.04985     1.84208
 505  O       1.54985     0.65792     1.46085
 506  O       1.96085     0.95015     1.34208
 507  O       1.04985     0.84208     1.53915
 508  O       1.46085     0.54985     1.65792
 509  O       1.04985     0.34208     1.46085
 510  O       1.46085     0.04985     1.34208
 511  O       1.34208     0.03915     1.54985
 512  O       1.96085     0.45015     1.65792
 513  O       1.95015     0.84208     1.03915
 514  O       1.53915     0.54985     1.15792
 515  O       1.45015     0.65792     1.96085
 516  O       1.03915     0.95015     1.84208
 517  O       1.09208     0.70015     1.71085
 518  O       1.21085     0.40792     1.29985
 519  O       1.79985     0.28915     1.59208
 520  O       1.90792     0.29985     1.28915
 521  O       1.78915     0.59208     1.70015
 522  O       1.20015     0.71085     1.40792
 523  O       1.59208     0.79985     1.28915
 524  O       1.71085     0.09208     1.70015
 525  O       1.29985     0.21085     1.40792
 526  O       1.40792     0.20015     1.71085
 527  O       1.28915     0.90792     1.29985
 528  O       1.70015     0.78915     1.59208
 529  O       1.40792     0.70015     1.28915
 530  O       1.28915     0.40792     1.70015
 531  O       1.65792     0.46085     1.54985
 532  O       1.59208     0.29985     1.71085
 533  O       1.71085     0.59208     1.29985
 534  O       1.29985     0.71085     1.59208
 535  O       1.65792     0.96085     1.45015
 536  O       1.04985     0.65792     1.03915
 537  O       1.15792     0.03915     1.45015
 538  O       1.84208     0.46085     1.45015
 539  O       1.84208     0.96085     1.54985
 540  O       1.34208     0.53915     1.45015
 541  O       1.15792     0.46085     1.95015
 542  O       1.65792     0.03915     1.04985
 543  O       1.90792     0.79985     1.71085
 544  O       1.78915     0.09208     1.29985
 545  O       1.20015     0.21085     1.59208
 546  O       1.09208     0.20015     1.28915
 547  O       1.21085     0.90792     1.70015
 548  O       1.79985     0.78915     1.40792
 549  O       1.95015     0.65792     1.53915
 550  O       1.53915     0.95015     1.65792
 551  O       1.45015     0.84208     1.46085
 552  O       1.03915     0.54985     1.34208
 553  O       1.04985     0.15792     1.96085
 554  O       1.46085     0.45015     1.84208
 555  O       1.54985     0.34208     1.03915
 556  O       1.96085     0.04985     1.15792
 557  O       1.54985     0.84208     1.96085
 558  O       1.96085     0.54985     1.84208
 559  O       1.84208     0.53915     1.04985
 560  O       1.46085     0.95015     1.15792
 561  O       1.45015     0.34208     1.53915
 562  O       1.03915     0.04985     1.65792
 563  O       1.95015     0.15792     1.46085
 564  O       1.53915     0.45015     1.34208
 565  O       1.59208     0.20015     1.21085
 566  O       1.71085     0.90792     1.79985
 567  O       1.29985     0.78915     1.09208
 568  O       1.40792     0.79985     1.78915
 569  O       1.28915     0.09208     1.20015
 570  O       1.70015     0.21085     1.90792
 571  O       1.09208     0.29985     1.78915
 572  O       1.21085     0.59208     1.20015
 573  O       1.79985     0.71085     1.90792
 574  O       1.90792     0.70015     1.21085
 575  O       1.78915     0.40792     1.79985
 576  O       1.15792     0.96085     1.04985
 577  O       1.90792     1.20015     0.78915
 578  O       1.78915     1.90792     0.20015
 579  O       1.20015     1.78915     0.90792
 580  O       1.09208     1.79985     0.21085
 581  O       1.21085     1.09208     0.79985
 582  O       1.79985     1.21085     0.09208
 583  O       1.20015     1.28915     0.09208
 584  O       1.54985     1.15792     0.53915
 585  O       1.65792     1.53915     0.95015
 586  O       1.34208     1.96085     0.95015
 587  O       1.34208     1.46085     0.04985
 588  O       1.84208     1.03915     0.95015
 589  O       1.70015     1.28915     0.40792
 590  O       1.15792     1.53915     0.54985
 591  O       1.40792     1.29985     0.21085
 592  O       1.28915     1.59208     0.79985
 593  O       1.70015     1.71085     0.09208
 594  O       1.59208     1.70015     0.78915
 595  O       1.71085     1.40792     0.20015
 596  O       1.29985     1.28915     0.90792
 597  O       1.45015     1.15792     0.03915
 598  O       1.03915     1.45015     0.15792
 599  O       1.95015     1.34208     0.96085
 600  O       1.53915     1.04985     0.84208
 601  O       1.54985     1.65792     0.46085
 602  O       1.96085     1.95015     0.34208
 603  O       1.04985     1.84208     0.53915
 604  O       1.46085     1.54985     0.65792
 605  O       1.04985     1.34208     0.46085
 606  O       1.46085     1.04985     0.34208
 607  O       1.34208     1.03915     0.54985
 608  O       1.96085     1.45015     0.65792
 609  O       1.95015     1.84208     0.03915
 610  O       1.53915     1.54985     0.15792
 611  O       1.45015     1.65792     0.96085
 612  O       1.03915     1.95015     0.84208
 613  O       1.09208     1.70015     0.71085
 614  O       1.21085     1.40792     0.29985
 615  O       1.79985     1.28915     0.59208
 616  O       1.90792     1.29985     0.28915
 617  O       1.78915     1.59208     0.70015
 618  O       1.20015     1.71085     0.40792
 619  O       1.59208     1.79985     0.28915
 620  O       1.71085     1.09208     0.70015
 621  O       1.29985     1.21085     0.40792
 622  O       1.40792     1.20015     0.71085
 623  O       1.28915     1.90792     0.29985
 624  O       1.70015     1.78915     0.59208
 625  O       1.40792     1.70015     0.28915
 626  O       1.28915     1.40792     0.70015
 627  O       1.65792     1.46085     0.54985
 628  O       1.59208     1.29985     0.71085
 629  O       1.71085     1.59208     0.29985
 630  O       1.29985     1.71085     0.59208
 631  O       1.65792     1.96085     0.45015
 632  O       1.04985     1.65792     0.03915
 633  O       1.15792     1.03915     0.45015
 634  O       1.84208     1.46085     0.45015
 635  O       1.84208     1.96085     0.54985
 636  O       1.34208     1.53915     0.45015
 637  O       1.15792     1.46085     0.95015
 638  O       1.65792     1.03915     0.04985
 639  O       1.90792     1.79985     0.71085
 640  O       1.78915     1.09208     0.29985
 641  O       1.20015     1.21085     0.59208
 642  O       1.09208     1.20015     0.28915
 643  O       1.21085     1.90792     0.70015
 644  O       1.79985     1.78915     0.40792
 645  O       1.95015     1.65792     0.53915
 646  O       1.53915     1.95015     0.65792
 647  O       1.45015     1.84208     0.46085
 648  O       1.03915     1.54985     0.34208
 649  O       1.04985     1.15792     0.96085
 650  O       1.46085     1.45015     0.84208
 651  O       1.54985     1.34208     0.03915
 652  O       1.96085     1.04985     0.15792
 653  O       1.54985     1.84208     0.96085
 654  O       1.96085     1.54985     0.84208
 655  O       1.84208     1.53915     0.04985
 656  O       1.46085     1.95015     0.15792
 657  O       1.45015     1.34208     0.53915
 658  O       1.03915     1.04985     0.65792
 659  O       1.95015     1.15792     0.46085
 660  O       1.53915     1.45015     0.34208
 661  O       1.59208     1.20015     0.21085
 662  O       1.71085     1.90792     0.79985
 663  O       1.29985     1.78915     0.09208
 664  O       1.40792     1.79985     0.78915
 665  O       1.28915     1.09208     0.20015
 666  O       1.70015     1.21085     0.90792
 667  O       1.09208     1.29985     0.78915
 668  O       1.21085     1.59208     0.20015
 669  O       1.79985     1.71085     0.90792
 670  O       1.90792     1.70015     0.21085
 671  O       1.78915     1.40792     0.79985
 672  O       1.15792     1.96085     0.04985
 673  O       1.90792     1.20015     1.78915
 674  O       1.78915     1.90792     1.20015
 675  O       1.20015     1.78915     1.90792
 676  O       1.09208     1.79985     1.21085
 677  O       1.21085     1.09208     1.79985
 678  O       1.79985     1.21085     1.09208
 679  O       1.20015     1.28915     1.09208
 680  O       1.54985     1.15792     1.53915
 681  O       1.65792     1.53915     1.95015
 682  O       1.34208     1.96085     1.95015
 683  O       1.34208     1.46085     1.04985
 684  O       1.84208     1.03915     1.95015
 685  O       1.70015     1.28915     1.40792
 686  O       1.15792     1.53915     1.54985
 687  O       1.40792     1.29985     1.21085
 688  O       1.28915     1.59208     1.79985
 689  O       1.70015     1.71085     1.09208
 690  O       1.59208     1.70015     1.78915
 691  O       1.71085     1.40792     1.20015
 692  O       1.29985     1.28915     1.90792
 693  O       1.45015     1.15792     1.03915
 694  O       1.03915     1.45015     1.15792
 695  O       1.95015     1.34208     1.96085
 696  O       1.53915     1.04985     1.84208
 697  O       1.54985     1.65792     1.46085
 698  O       1.96085     1.95015     1.34208
 699  O       1.04985     1.84208     1.53915
 700  O       1.46085     1.54985     1.65792
 701  O       1.04985     1.34208     1.46085
 702  O       1.46085     1.04985     1.34208
 703  O       1.34208     1.03915     1.54985
 704  O       1.96085     1.45015     1.65792
 705  O       1.95015     1.84208     1.03915
 706  O       1.53915     1.54985     1.15792
 707  O       1.45015     1.65792     1.96085
 708  O       1.03915     1.95015     1.84208
 709  O       1.09208     1.70015     1.71085
 710  O       1.21085     1.40792     1.29985
 711  O       1.79985     1.28915     1.59208
 712  O       1.90792     1.29985     1.28915
 713  O       1.78915     1.59208     1.70015
 714  O       1.20015     1.71085     1.40792
 715  O       1.59208     1.79985     1.28915
 716  O       1.71085     1.09208     1.70015
 717  O       1.29985     1.21085     1.40792
 718  O       1.40792     1.20015     1.71085
 719  O       1.28915     1.90792     1.29985
 720  O       1.70015     1.78915     1.59208
 721  O       1.40792     1.70015     1.28915
 722  O       1.28915     1.40792     1.70015
 723  O       1.65792     1.46085     1.54985
 724  O       1.59208     1.29985     1.71085
 725  O       1.71085     1.59208     1.29985
 726  O       1.29985     1.71085     1.59208
 727  O       1.65792     1.96085     1.45015
 728  O       1.04985     1.65792     1.03915
 729  O       1.15792     1.03915     1.45015
 730  O       1.84208     1.46085     1.45015
 731  O       1.84208     1.96085     1.54985
 732  O       1.34208     1.53915     1.45015
 733  O       1.15792     1.46085     1.95015
 734  O       1.65792     1.03915     1.04985
 735  O       1.90792     1.79985     1.71085
 736  O       1.78915     1.09208     1.29985
 737  O       1.20015     1.21085     1.59208
 738  O       1.09208     1.20015     1.28915
 739  O       1.21085     1.90792     1.70015
 740  O       1.79985     1.78915     1.40792
 741  O       1.95015     1.65792     1.53915
 742  O       1.53915     1.95015     1.65792
 743  O       1.45015     1.84208     1.46085
 744  O       1.03915     1.54985     1.34208
 745  O       1.04985     1.15792     1.96085
 746  O       1.46085     1.45015     1.84208
 747  O       1.54985     1.34208     1.03915
 748  O       1.96085     1.04985     1.15792
 749  O       1.54985     1.84208     1.96085
 750  O       1.96085     1.54985     1.84208
 751  O       1.84208     1.53915     1.04985
 752  O       1.46085     1.95015     1.15792
 753  O       1.45015     1.34208     1.53915
 754  O       1.03915     1.04985     1.65792
 755  O       1.95015     1.15792     1.46085
 756  O       1.53915     1.45015     1.34208
 757  O       1.59208     1.20015     1.21085
 758  O       1.71085     1.90792     1.79985
 759  O       1.29985     1.78915     1.09208
 760  O       1.40792     1.79985     1.78915
 761  O       1.28915     1.09208     1.20015
 762  O       1.70015     1.21085     1.90792
 763  O       1.09208     1.29985     1.78915
 764  O       1.21085     1.59208     1.20015
 765  O       1.79985     1.71085     1.90792
 766  O       1.90792     1.70015     1.21085
 767  O       1.78915     1.40792     1.79985
 768  O       1.15792     1.96085     1.04985
   1  Si      0.37500     0.00000     0.25000
   2  Si      0.25000     0.37500     1.00000
   3  Si      0.00000     0.25000     0.37500
   4  Si      0.12500     0.00000     0.75000
   5  Si      0.75000     0.12500     1.00000
   6  Si      1.00000     0.75000     0.12500
   7  Si      0.87500     0.00000     0.25000
   8  Si      0.25000     0.87500     0.00000
   9  Si      0.00000     0.25000     0.87500
  10  Si      0.62500     0.00000     0.75000
  11  Si      0.75000     0.62500     1.00000
  12  Si      0.00000     0.75000     0.62500
  13  Si      0.87500     0.50000     0.75000
  14  Si      0.75000     0.87500     0.50000
  15  Si      0.50000     0.75000     0.87500
  16  Si      0.62500     0.50000     0.25000
  17  Si      0.25000     0.62500     0.50000
  18  Si      0.50000     0.25000     0.62500
  19  Si      0.37500     0.50000     0.75000
  20  Si      0.75000     0.37500     0.50000
  21  Si      0.50000     0.75000     0.37500
  22  Si      0.12500     0.50000     0.25000
  23  Si      0.25000     0.12500     0.50000
  24  Si      0.50000     0.25000     0.12500
  25  Si      0.00000     0.00000     0.00000
  26  Si      0.50000     0.00000     0.50000
  27  Si      0.50000     0.50000     1.00000
  28  Si      0.00000     0.50000     0.50000
  29  Si      0.50000     0.50000     0.50000
  30  Si      0.50000     0.00000     1.00000
  31  Si      0.00000     0.00000     0.50000
  32  Si      0.00000     0.50000     1.00000
  33  Si      0.25000     0.25000     0.25000
  34  Si      0.25000     0.75000     0.75000
  35  Si      0.75000     0.25000     0.75000
  36  Si      0.75000     0.75000     0.25000
  37  Si      0.75000     0.75000     0.75000
  38  Si      0.75000     0.25000     0.25000
  39  Si      0.25000     0.75000     0.25000
  40  Si      0.25000     0.25000     0.75000
  41  Si      0.37500     0.00000     1.25000
  42  Si      0.25000     0.37500     2.00000
  43  Si      0.00000     0.25000     1.37500
  44  Si      0.12500     0.00000     1.75000
  45  Si      0.75000     0.12500     2.00000
  46  Si      1.00000     0.75000     1.12500
  47  Si      0.87500     0.00000     1.25000
  48  Si      0.25000     0.87500     1.00000
  49  Si      0.00000     0.25000     1.87500
  50  Si      0.62500     0.00000     1.75000
  51  Si      0.75000     0.62500     2.00000
  52  Si      0.00000     0.75000     1.62500
  53  Si      0.87500     0.50000     1.75000
  54  Si      0.75000     0.87500     1.50000
  55  Si      0.50000     0.75000     1.87500
  56  Si      0.62500     0.50000     1.25000
  57  Si      0.25000     0.62500     1.50000
  58  Si      0.50000     0.25000     1.62500
  59  Si      0.37500     0.50000     1.75000
  60  Si      0.75000     0.37500     1.50000
  61  Si      0.50000     0.75000     1.37500
  62  Si      0.12500     0.50000     1.25000
  63  Si      0.25000     0.12500     1.50000
  64  Si      0.50000     0.25000     1.12500
  65  Si      0.00000     0.00000     1.00000
  66  Si      0.50000     0.00000     1.50000
  67  Si      0.50000     0.50000     2.00000
  68  Si      0.00000     0.50000     1.50000
  69  Si      0.50000     0.50000     1.50000
  70  Si      0.50000     0.00000     2.00000
  71  Si      0.00000     0.00000     1.50000
  72  Si      0.00000     0.50000     2.00000
  73  Si      0.25000     0.25000     1.25000
  74  Si      0.25000     0.75000     1.75000
  75  Si      0.75000     0.25000     1.75000
  76  Si      0.75000     0.75000     1.25000
  77  Si      0.75000     0.75000     1.75000
  78  Si      0.75000     0.25000     1.25000
  79  Si      0.25000     0.75000     1.25000
  80  Si      0.25000     0.25000     1.75000
  81  Si      0.37500     1.00000     0.25000
  82  Si      0.25000     1.37500     1.00000
  83  Si      0.00000     1.25000     0.37500
  84  Si      0.12500     1.00000     0.75000
  85  Si      0.75000     1.12500     1.00000
  86  Si      1.00000     1.75000     0.12500
  87  Si      0.87500     1.00000     0.25000
  88  Si      0.25000     1.87500     0.00000
  89  Si      0.00000     1.25000     0.87500
  90  Si      0.62500     1.00000     0.75000
  91  Si      0.75000     1.62500     1.00000
  92  Si      0.00000     1.75000     0.62500
  93  Si      0.87500     1.50000     0.75000
  94  Si      0.75000     1.87500     0.50000
  95  Si      0.50000     1.75000     0.87500
  96  Si      0.62500     1.50000     0.25000
  97  Si      0.25000     1.62500     0.50000
  98  Si      0.50000     1.25000     0.62500
  99  Si      0.37500     1.50000     0.75000
 100  Si      0.75000     1.37500     0.50000
 101  Si      0.50000     1.75000     0.37500
 102  Si      0.12500     1.50000     0.25000
 103  Si      0.25000     1.12500     0.50000
 104  Si      0.50000     1.25000     0.12500
 105  Si      0.00000     1.00000     0.00000
 106  Si      0.50000     1.00000     0.50000
 107  Si      0.50000     1.50000     1.00000
 108  Si      0.00000     1.50000     0.50000
 109  Si      0.50000     1.50000     0.50000
 110  Si      0.50000     1.00000     1.00000
 111  Si      0.00000     1.00000     0.50000
 112  Si      0.00000     1.50000     1.00000
 113  Si      0.25000     1.25000     0.25000
 114  Si      0.25000     1.75000     0.75000
 115  Si      0.75000     1.25000     0.75000
 116  Si      0.75000     1.75000     0.25000
 117  Si      0.75000     1.75000     0.75000
 118  Si      0.75000     1.25000     0.25000
 119  Si      0.25000     1.75000     0.25000
 120  Si      0.25000     1.25000     0.75000
 121  Si      0.37500     1.00000     1.25000
 122  Si      0.25000     1.37500     2.00000
 123  Si      0.00000     1.25000     1.37500
 124  Si      0.12500     1.00000     1.75000
 125  Si      0.75000     1.12500     2.00000
 126  Si      1.00000     1.75000     1.12500
 127  Si      0.87500     1.00000     1.25000
 128  Si      0.25000     1.87500     1.00000
 129  Si      0.00000     1.25000     1.87500
 130  Si      0.62500     1.00000     1.75000
 131  Si      0.75000     1.62500     2.00000
 132  Si      0.00000     1.75000     1.62500
 133  Si      0.87500     1.50000     1.75000
 134  Si      0.75000     1.87500     1.50000
 135  Si      0.50000     1.75000     1.87500
 136  Si      0.62500     1.50000     1.25000
 137  Si      0.25000     1.62500     1.50000
 138  Si      0.50000     1.25000     1.62500
 139  Si      0.37500     1.50000     1.75000
 140  Si      0.75000     1.37500     1.50000
 141  Si      0.50000     1.75000     1.37500
 142  Si      0.12500     1.50000     1.25000
 143  Si      0.25000     1.12500     1.50000
 144  Si      0.50000     1.25000     1.12500
 145  Si      0.00000     1.00000     1.00000
 146  Si      0.50000     1.00000     1.50000
 147  Si      0.50000     1.50000     2.00000
 148  Si      0.00000     1.50000     1.50000
 149  Si      0.50000     1.50000     1.50000
 150  Si      0.50000     1.00000     2.00000
 151  Si      0.00000     1.00000     1.50000
 152  Si      0.00000     1.50000     2.00000
 153  Si      0.25000     1.25000     1.25000
 154  Si      0.25000     1.75000     1.75000
 155  Si      0.75000     1.25000     1.75000
 156  Si      0.75000     1.75000     1.25000
 157  Si      0.75000     1.75000     1.75000
 158  Si      0.75000     1.25000     1.25000
 159  Si      0.25000     1.75000     1.25000
 160  Si      0.25000     1.25000     1.75000
 161  Si      1.37500     0.00000     0.25000
 162  Si      1.25000     0.37500     1.00000
 163  Si      1.00000     0.25000     0.37500
 164  Si      1.12500     0.00000     0.75000
 165  Si      1.75000     0.12500     1.00000
 166  Si      2.00000     0.75000     0.12500
 167  Si      1.87500     0.00000     0.25000
 168  Si      1.25000     0.87500     0.00000
 169  Si      1.00000     0.25000     0.87500
 170  Si      1.62500     0.00000     0.75000
 171  Si      1.75000     0.62500     1.00000
 172  Si      1.00000     0.75000     0.62500
 173  Si      1.87500     0.50000     0.75000
 174  Si      1.75000     0.87500     0.50000
 175  Si      1.50000     0.75000     0.87500
 176  Si      1.62500     0.50000     0.25000
 177  Si      1.25000     0.62500     0.50000
 178  Si      1.50000     0.25000     0.62500
 179  Si      1.37500     0.50000     0.75000
 180  Si      1.75000     0.37500     0.50000
 181  Si      1.50000     0.75000     0.37500
 182  Si      1.12500     0.50000     0.25000
 183  Si      1.25000     0.12500     0.50000
 184  Si      1.50000     0.25000     0.12500
 185  Si      1.00000     0.00000     0.00000
 186  Si      1.50000     0.00000     0.50000
 187  Si      1.50000     0.50000     1.00000
 188  Si      1.00000     0.50000     0.50000
 189  Si      1.50000     0.50000     0.50000
 190  Si      1.50000     0.00000     1.00000
 191  Si      1.00000     0.00000     0.50000
 192  Si      1.00000     0.50000     1.00000
 193  Si      1.25000     0.25000     0.25000
 194  Si      1.25000     0.75000     0.75000
 195  Si      1.75000     0.25000     0.75000
 196  Si      1.75000     0.75000     0.25000
 197  Si      1.75000     0.75000     0.75000
 198  Si      1.75000     0.25000     0.25000
 199  Si      1.25000     0.75000     0.25000
 200  Si      1.25000     0.25000     0.75000
 201  Si      1.37500     0.00000     1.25000
 202  Si      1.25000     0.37500     2.00000
 203  Si      1.00000     0.25000     1.37500
 204  Si      1.12500     0.00000     1.75000
 205  Si      1.75000     0.12500     2.00000
 206  Si      2.00000     0.75000     1.12500
 207  Si      1.87500     0.00000     1.25000
 208  Si      1.25000     0.87500     1.00000
 209  Si      1.00000     0.25000     1.87500
 210  Si      1.62500     0.00000     1.75000
 211  Si      1.75000     0.62500     2.00000
 212  Si      1.00000     0.75000     1.62500
 213  Si      1.87500     0.50000     1.75000
 214  Si      1.75000     0.87500     1.50000
 215  Si      1.50000     0.75000     1.87500
 216  Si      1.62500     0.50000     1.25000
 217  Si      1.25000     0.62500     1.50000
 218  Si      1.50000     0.25000     1.62500
 219  Si      1.37500     0.50000     1.75000
 220  Si      1.75000     0.37500     1.50000
 221  Si      1.50000     0.75000     1.37500
 222  Si      1.12500     0.50000     1.25000
 223  Si      1.25000     0.12500     1.50000
 224  Si      1.50000     0.25000     1.12500
 225  Si      1.00000     0.00000     1.00000
 226  Si      1.50000     0.00000     1.50000
 227  Si      1.50000     0.50000     2.00000
 228  Si      1.00000     0.50000     1.50000
 229  Si      1.50000     0.50000     1.50000
 230  Si      1.50000     0.00000     2.00000
 231  Si      1.00000     0.00000     1.50000
 232  Si      1.00000     0.50000     2.00000
 233  Si      1.25000     0.25000     1.25000
 234  Si      1.25000     0.75000     1.75000
 235  Si      1.75000     0.25000     1.75000
 236  Si      1.75000     0.75000     1.25000
 237  Si      1.75000     0.75000     1.75000
 238  Si      1.75000     0.25000     1.25000
 239  Si      1.25000     0.75000     1.25000
 240  Si      1.25000     0.25000     1.75000
 241  Si      1.37500     1.00000     0.25000
 242  Si      1.25000     1.37500     1.00000
 243  Si      1.00000     1.25000     0.37500
 244  Si      1.12500     1.00000     0.75000
 245  Si      1.75000     1.12500     1.00000
 246  Si      2.00000     1.75000     0.12500
 247  Si      1.87500     1.00000     0.25000
 248  Si      1.25000     1.87500     0.00000
 249  Si      1.00000     1.25000     0.87500
 250  Si      1.62500     1.00000     0.75000
 251  Si      1.75000     1.62500     1.00000
 252  Si      1.00000     1.75000     0.62500
 253  Si      1.87500     1.50000     0.75000
 254  Si      1.75000     1.87500     0.50000
 255  Si      1.50000     1.75000     0.87500
 256  Si      1.62500     1.50000     0.25000
 257  Si      1.25000     1.62500     0.50000
 258  Si      1.50000     1.25000     0.62500
 259  Si      1.37500     1.50000     0.75000
 260  Si      1.75000     1.37500     0.50000
 261  Si      1.50000     1.75000     0.37500
 262  Si      1.12500     1.50000     0.25000
 263  Si      1.25000     1.12500     0.50000
 264  Si      1.50000     1.25000     0.12500
 265  Si      1.00000     1.00000     0.00000
 266  Si      1.50000     1.00000     0.50000
 267  Si      1.50000     1.50000     1.00000
 268  Si      1.00000     1.50000     0.50000
 269  Si      1.50000     1.50000     0.50000
 270  Si      1.50000     1.00000     1.00000
 271  Si      1.00000     1.00000     0.50000
 272  Si      1.00000     1.50000     1.00000
 273  Si      1.25000     1.25000     0.25000
 274  Si      1.25000     1.75000     0.75000
 275  Si      1.75000     1.25000     0.75000
 276  Si      1.75000     1.75000     0.25000
 277  Si      1.75000     1.75000     0.75000
 278  Si      1.75000     1.25000     0.25000
 279  Si      1.25000     1.75000     0.25000
 280  Si      1.25000     1.25000     0.75000
 281  Si      1.37500     1.00000     1.25000
 282  Si      1.25000     1.37500     2.00000
 283  Si      1.00000     1.25000     1.37500
 284  Si      1.12500     1.00000     1.75000
 285  Si      1.75000     1.12500     2.00000
 286  Si      2.00000     1.75000     1.12500
 287  Si      1.87500     1.00000     1.25000
 288  Si      1.25000     1.87500     1.00000
 289  Si      1.00000     1.25000     1.87500
 290  Si      1.62500     1.00000     1.75000
 291  Si      1.75000     1.62500     2.00000
 292  Si      1.00000     1.75000     1.62500
 293  Si      1.87500     1.50000     1.75000
 294  Si      1.75000     1.87500     1.50000
 295  Si      1.50000     1.75000     1.87500
 296  Si      1.62500     1.50000     1.25000
 297  Si      1.25000     1.62500     1.50000
 298  Si      1.50000     1.25000     1.62500
 299  Si      1.37500     1.50000     1.75000
 300  Si      1.75000     1.37500     1.50000
 301  Si      1.50000     1.75000     1.37500
 302  Si      1.12500     1.50000     1.25000
 303  Si      1.25000     1.12500     1.50000
 304  Si      1.50000     1.25000     1.12500
 305  Si      1.00000     1.00000     1.00000
 306  Si      1.50000     1.00000     1.50000
 307  Si      1.50000     1.50000     2.00000
 308  Si      1.00000     1.50000     1.50000
 309  Si      1.50000     1.50000     1.50000
 310  Si      1.50000     1.00000     2.00000
 311  Si      1.00000     1.00000     1.50000
 312  Si      1.00000     1.50000     2.00000
 313  Si      1.25000     1.25000     1.25000
 314  Si      1.25000     1.75000     1.75000
 315  Si      1.75000     1.25000     1.75000
 316  Si      1.75000     1.75000     1.25000
 317  Si      1.75000     1.75000     1.75000
 318  Si      1.75000     1.25000     1.25000
 319  Si      1.25000     1.75000     1.25000
 320  Si      1.25000     1.25000     1.75000